# File crc32 crc32(crlf) size size(crlf) viewable
layouts/slider/images/tool.png	13817035823746121259	13817035823746121259	312	312	0
layouts/slider/layout.inc	13817035826779020062	13817035825587381359	8293	8535	1
layouts/slider/locale/cs_CZ/LC_MESSAGES/layouts_slider.mo	13817035825127223073	13817035825127223073	1574	1574	0
layouts/slider/locale/de_DE/LC_MESSAGES/layouts_slider.mo	13817035824552657406	13817035824552657406	1573	1573	0
layouts/slider/locale/fr_FR/LC_MESSAGES/layouts_slider.mo	13817035825963743937	13817035825963743937	1575	1575	0
layouts/slider/locale/no_NO/LC_MESSAGES/layouts_slider.mo	13817035824413868709	13817035824413868709	1447	1447	0
layouts/slider/po/GNUmakefile	13817035824619212990	13817035825560549809	98	103	0
layouts/slider/po/cs_CZ.po	13817035826346950447	13817035822818050391	2352	2443	0
layouts/slider/po/de_DE.po	13817035822783761592	13817035825528708690	2349	2442	0
layouts/slider/po/fr_FR.po	13817035824985849115	13817035825348298689	2350	2442	0
layouts/slider/po/no_NO.po	13817035826861936250	13817035824199404507	2215	2306	0
layouts/slider/po/strings.raw	13817035824102736028	13817035825137530085	525	545	0
layouts/slider/templates/header.tpl	13817035825075283027	13817035825337345734	1096	1120	0
layouts/slider/templates/render.tpl	13817035826001808318	13817035826736209117	640	655	0
layouts/slider/templates/slider.css	13817035826180902769	13817035824358957059	1466	1519	0
layouts/slider/templates/slider.js	13817035824883927423	13817035826819696353	13497	13864	0
layouts/slider/templates/slider.tpl	13817035826057881702	13817035825499551103	6116	6237	0
