# File crc32 crc32(crlf) size size(crlf) viewable
modules/rewrite/AdminRewrite.inc	13817035823079640533	13817035825145143483	5079	5251	1
modules/rewrite/RewriteModuleExtras.inc	13817035823269731651	13817035826138644118	4582	4762	1
modules/rewrite/SetupRewrite.inc	13817035825954596338	13817035826642352871	6151	6348	1
modules/rewrite/classes/RewriteHelper.class	13817035826401106891	13817035825794553073	8401	8668	1
modules/rewrite/classes/RewriteUrlGenerator.class	13817035826911040341	13817035826193816769	6287	6507	1
modules/rewrite/module.inc	13817035823797069997	13817035826377978234	3661	3784	1
modules/rewrite/templates/AdminRewrite.tpl	13817035823292922433	13817035825103338711	2841	2945	0
modules/rewrite/templates/Htaccess.tpl	13817035825207043517	13817035826286782918	1173	1202	0
modules/rewrite/templates/SetupRewrite.tpl	13817035823283399804	13817035825120151321	6789	6997	0
modules/rewrite/test/mod_rewrite/custom/.htaccess	13817035824815993026	13817035824561521388	285	293	0
modules/rewrite/test/mod_rewrite/custom/Rewrite.txt	13817035825668408355	13817035825668408355	15	15	0
modules/rewrite/test/mod_rewrite/custom/Works.txt	13817035822781057953	13817035826447955297	13	14	0
modules/rewrite/test/mod_rewrite/gallery/.htaccess	13817035825820358262	13817035824276557177	183	188	0
modules/rewrite/test/mod_rewrite/gallery/Rewrite.txt	13817035825668408355	13817035825668408355	15	15	0
modules/rewrite/test/mod_rewrite/gallery/Works.txt	13817035822781057953	13817035826447955297	13	14	0
modules/rewrite/test/mod_rewrite/gallery2/.htaccess	13817035822793228969	13817035823701544987	185	190	0
modules/rewrite/test/mod_rewrite/gallery2/Rewrite.txt	13817035825668408355	13817035825668408355	15	15	0
modules/rewrite/test/mod_rewrite/gallery2/Works.txt	13817035822781057953	13817035826447955297	13	14	0
modules/rewrite/test/phpunit/AdminRewriteControllerTest.class	13817035824913765243	13817035824664767224	5058	5213	1
modules/rewrite/test/phpunit/RewriteHelperTest.class	13817035823069548641	13817035824508088763	9483	9800	1
modules/rewrite/test/phpunit/RewriteUrlGeneratorTest.class	13817035824253418998	13817035823375054574	9668	9931	1
modules/rewrite/test/phpunit/SetupRewriteControllerTest.class	13817035824801453565	13817035825965499419	6884	7121	1
