# File crc32 crc32(crlf) size size(crlf) viewable
modules/imageframe/Sample.inc	13817035825647993290	13817035824656547295	2814	2898	1
modules/imageframe/classes/ImageFrameImpl.class	13817035825531572692	13817035826995456237	5335	5492	1
modules/imageframe/classes/ImageFrameInterface_1_1.class	13817035826899191479	13817035825740375040	2770	2849	1
modules/imageframe/frames/README.html	13817035826384601677	13817035826459246330	3106	3180	0
modules/imageframe/frames/bamboo/BB.gif	13817035825174045449	13817035825174045449	1139	1139	0
modules/imageframe/frames/bamboo/BBL.gif	13817035822800239041	13817035822800239041	1127	1127	0
modules/imageframe/frames/bamboo/BBR.gif	13817035824049578083	13817035824049578083	1129	1129	0
modules/imageframe/frames/bamboo/BL.gif	13817035826057205984	13817035826057205984	1181	1181	0
modules/imageframe/frames/bamboo/BR.gif	13817035824732802605	13817035824732802605	1217	1217	0
modules/imageframe/frames/bamboo/LL.gif	13817035823300453942	13817035823300453942	1269	1269	0
modules/imageframe/frames/bamboo/LLB.gif	13817035825213483978	13817035825213483978	1279	1279	0
modules/imageframe/frames/bamboo/LLT.gif	13817035824949548938	13817035824949548938	1274	1274	0
modules/imageframe/frames/bamboo/RR.gif	13817035826405253800	13817035826405253800	1264	1264	0
modules/imageframe/frames/bamboo/RRB.gif	13817035825079671017	13817035825079671017	1269	1269	0
modules/imageframe/frames/bamboo/RRT.gif	13817035824884783825	13817035824884783825	1275	1275	0
modules/imageframe/frames/bamboo/TL.gif	13817035824732802605	13817035824732802605	1217	1217	0
modules/imageframe/frames/bamboo/TR.gif	13817035824732802605	13817035824732802605	1217	1217	0
modules/imageframe/frames/bamboo/TT.gif	13817035822813320488	13817035822813320488	1137	1137	0
modules/imageframe/frames/bamboo/TTL.gif	13817035824900213945	13817035824900213945	1141	1141	0
modules/imageframe/frames/bamboo/TTR.gif	13817035822901526411	13817035822901526411	1127	1127	0
modules/imageframe/frames/bamboo/frame.inc	13817035825477940740	13817035823382860077	1037	1105	1
modules/imageframe/frames/book/BB.gif	13817035823674391617	13817035823674391617	49	49	0
modules/imageframe/frames/book/BL.gif	13817035824615857332	13817035824615857332	52	52	0
modules/imageframe/frames/book/BR.gif	13817035827020353008	13817035827020353008	67	67	0
modules/imageframe/frames/book/RR.gif	13817035823947098875	13817035823947098875	63	63	0
modules/imageframe/frames/book/TR.gif	13817035826148934231	13817035826148934231	50	50	0
modules/imageframe/frames/book/frame.inc	13817035823058891421	13817035825383942921	907	974	1
modules/imageframe/frames/brand/BB.jpg	13817035825885822867	13817035825885822867	342	342	0
modules/imageframe/frames/brand/BBL.jpg	13817035824559531984	13817035824559531984	526	526	0
modules/imageframe/frames/brand/BBR.jpg	13817035823140695625	13817035823140695625	545	545	0
modules/imageframe/frames/brand/BL.jpg	13817035825385165405	13817035825385165405	556	556	0
modules/imageframe/frames/brand/BR.jpg	13817035826890829883	13817035826890829883	546	546	0
modules/imageframe/frames/brand/LL.jpg	13817035824680355334	13817035824680355334	361	361	0
modules/imageframe/frames/brand/LLB.jpg	13817035824774095527	13817035824774095527	542	542	0
modules/imageframe/frames/brand/LLT.jpg	13817035826323016649	13817035826323016649	529	529	0
modules/imageframe/frames/brand/RR.jpg	13817035825843373572	13817035825843373572	359	359	0
modules/imageframe/frames/brand/RRB.jpg	13817035826634649624	13817035826634649624	572	572	0
modules/imageframe/frames/brand/RRT.jpg	13817035826653129415	13817035826653129415	556	556	0
modules/imageframe/frames/brand/TL.jpg	13817035824095519093	13817035824095519093	567	567	0
modules/imageframe/frames/brand/TR.jpg	13817035824795253350	13817035824795253350	559	559	0
modules/imageframe/frames/brand/TT.jpg	13817035824450386234	13817035824450386234	341	341	0
modules/imageframe/frames/brand/TTL.jpg	13817035824023948460	13817035824023948460	521	521	0
modules/imageframe/frames/brand/TTR.jpg	13817035825301444237	13817035825301444237	543	543	0
modules/imageframe/frames/brand/frame.inc	13817035824288295911	13817035824627973669	1043	1111	1
modules/imageframe/frames/dots/frame.inc	13817035825011349544	13817035824760093370	204	213	1
modules/imageframe/frames/gold/BB.gif	13817035824318142457	13817035824318142457	1368	1368	0
modules/imageframe/frames/gold/BL.gif	13817035823101772281	13817035823101772281	1568	1568	0
modules/imageframe/frames/gold/BR.gif	13817035823552043237	13817035823552043237	1560	1560	0
modules/imageframe/frames/gold/LL.gif	13817035826039311483	13817035826039311483	1414	1414	0
modules/imageframe/frames/gold/RR.gif	13817035826207477595	13817035826207477595	1422	1422	0
modules/imageframe/frames/gold/TL.gif	13817035825225166376	13817035825225166376	1555	1555	0
modules/imageframe/frames/gold/TR.gif	13817035824001576635	13817035824001576635	1574	1574	0
modules/imageframe/frames/gold/TT.gif	13817035822820149350	13817035822820149350	1370	1370	0
modules/imageframe/frames/gold/frame.inc	13817035825044123141	13817035826762666644	971	1039	1
modules/imageframe/frames/gold2/BB.jpg	13817035824382840212	13817035824382840212	396	396	0
modules/imageframe/frames/gold2/BBL.jpg	13817035825559564639	13817035825559564639	574	574	0
modules/imageframe/frames/gold2/BBR.jpg	13817035825671781143	13817035825671781143	587	587	0
modules/imageframe/frames/gold2/BL.jpg	13817035825736960561	13817035825736960561	735	735	0
modules/imageframe/frames/gold2/BR.jpg	13817035824224265339	13817035824224265339	713	713	0
modules/imageframe/frames/gold2/LL.jpg	13817035826573745231	13817035826573745231	394	394	0
modules/imageframe/frames/gold2/LLB.jpg	13817035826958523004	13817035826958523004	449	449	0
modules/imageframe/frames/gold2/LLT.jpg	13817035824539788423	13817035824539788423	449	449	0
modules/imageframe/frames/gold2/RR.jpg	13817035822771471962	13817035822771471962	389	389	0
modules/imageframe/frames/gold2/RRB.jpg	13817035824099076723	13817035824099076723	459	459	0
modules/imageframe/frames/gold2/RRT.jpg	13817035824950055976	13817035824950055976	459	459	0
modules/imageframe/frames/gold2/TL.jpg	13817035826146374055	13817035826146374055	711	711	0
modules/imageframe/frames/gold2/TR.jpg	13817035822796350040	13817035822796350040	734	734	0
modules/imageframe/frames/gold2/TT.jpg	13817035826239031448	13817035826239031448	402	402	0
modules/imageframe/frames/gold2/TTL.jpg	13817035824034003424	13817035824034003424	578	578	0
modules/imageframe/frames/gold2/TTR.jpg	13817035825634579474	13817035825634579474	594	594	0
modules/imageframe/frames/gold2/frame.inc	13817035824965320976	13817035824586028592	1037	1105	1
modules/imageframe/frames/notebook/BB.gif	13817035824957058820	13817035824957058820	184	184	0
modules/imageframe/frames/notebook/BL.gif	13817035826053182683	13817035826053182683	658	658	0
modules/imageframe/frames/notebook/BR.gif	13817035825350125067	13817035825350125067	342	342	0
modules/imageframe/frames/notebook/LL.gif	13817035825855563248	13817035825855563248	1106	1106	0
modules/imageframe/frames/notebook/RR.gif	13817035824311217539	13817035824311217539	198	198	0
modules/imageframe/frames/notebook/TL.gif	13817035824011048923	13817035824011048923	632	632	0
modules/imageframe/frames/notebook/TR.gif	13817035827020626262	13817035827020626262	330	330	0
modules/imageframe/frames/notebook/TT.gif	13817035823102003375	13817035823102003375	169	169	0
modules/imageframe/frames/notebook/frame.inc	13817035826985857796	13817035825466681470	990	1058	1
modules/imageframe/frames/polaroid/BB.gif	13817035823441059903	13817035823441059903	44	44	0
modules/imageframe/frames/polaroid/BL.gif	13817035825722835732	13817035825722835732	81	81	0
modules/imageframe/frames/polaroid/BR.gif	13817035824002324823	13817035824002324823	73	73	0
modules/imageframe/frames/polaroid/LL.gif	13817035826248267549	13817035826248267549	50	50	0
modules/imageframe/frames/polaroid/RR.gif	13817035825940711230	13817035825940711230	42	42	0
modules/imageframe/frames/polaroid/TL.gif	13817035823911085296	13817035823911085296	64	64	0
modules/imageframe/frames/polaroid/TR.gif	13817035826184889676	13817035826184889676	64	64	0
modules/imageframe/frames/polaroid/TT.gif	13817035825382546135	13817035825382546135	50	50	0
modules/imageframe/frames/polaroid/frame.inc	13817035822835954126	13817035824815471427	941	1008	1
modules/imageframe/frames/polaroids/BB.gif	13817035823602565096	13817035823602565096	47	47	0
modules/imageframe/frames/polaroids/BL.gif	13817035825442614951	13817035825442614951	102	102	0
modules/imageframe/frames/polaroids/BR.gif	13817035823365751146	13817035823365751146	125	125	0
modules/imageframe/frames/polaroids/LL.gif	13817035826248267549	13817035826248267549	50	50	0
modules/imageframe/frames/polaroids/RR.gif	13817035824489457724	13817035824489457724	44	44	0
modules/imageframe/frames/polaroids/TL.gif	13817035823911085296	13817035823911085296	64	64	0
modules/imageframe/frames/polaroids/TR.gif	13817035825962912189	13817035825962912189	80	80	0
modules/imageframe/frames/polaroids/TT.gif	13817035825382546135	13817035825382546135	50	50	0
modules/imageframe/frames/polaroids/frame.inc	13817035823358062340	13817035826531857679	942	1009	1
modules/imageframe/frames/shadow/BB.png	13817035825879589275	13817035825879589275	187	187	0
modules/imageframe/frames/shadow/BBL.png	13817035826779352010	13817035826779352010	277	277	0
modules/imageframe/frames/shadow/BR.png	13817035825363308284	13817035825363308284	263	263	0
modules/imageframe/frames/shadow/RR.png	13817035824725342998	13817035824725342998	167	167	0
modules/imageframe/frames/shadow/RRT.png	13817035823339807100	13817035823339807100	291	291	0
modules/imageframe/frames/shadow/frame.inc	13817035826363417794	13817035825788806593	912	979	1
modules/imageframe/frames/shell/BB.jpg	13817035826103742527	13817035826103742527	1120	1120	0
modules/imageframe/frames/shell/BL.jpg	13817035826360395911	13817035826360395911	10883	10883	0
modules/imageframe/frames/shell/BR.jpg	13817035824631638112	13817035824631638112	10985	10985	0
modules/imageframe/frames/shell/LL.jpg	13817035825061721045	13817035825061721045	899	899	0
modules/imageframe/frames/shell/RR.jpg	13817035824256824533	13817035824256824533	900	900	0
modules/imageframe/frames/shell/TL.jpg	13817035825125378098	13817035825125378098	1069	1069	0
modules/imageframe/frames/shell/TR.jpg	13817035825975328474	13817035825975328474	1123	1123	0
modules/imageframe/frames/shell/TT.jpg	13817035823855273788	13817035823855273788	1045	1045	0
modules/imageframe/frames/shell/frame.inc	13817035822824089900	13817035826715059994	973	1041	1
modules/imageframe/frames/wood/BB.gif	13817035824797728402	13817035824797728402	947	947	0
modules/imageframe/frames/wood/BL.gif	13817035824961442592	13817035824961442592	1505	1505	0
modules/imageframe/frames/wood/BR.gif	13817035824103697346	13817035824103697346	1506	1506	0
modules/imageframe/frames/wood/LL.gif	13817035826828983728	13817035826828983728	946	946	0
modules/imageframe/frames/wood/RR.gif	13817035825017110772	13817035825017110772	949	949	0
modules/imageframe/frames/wood/TL.gif	13817035825335924113	13817035825335924113	1511	1511	0
modules/imageframe/frames/wood/TR.gif	13817035824925492458	13817035824925492458	1513	1513	0
modules/imageframe/frames/wood/TT.gif	13817035823866758576	13817035823866758576	946	946	0
modules/imageframe/frames/wood/frame.inc	13817035825537823695	13817035826385114673	971	1039	1
modules/imageframe/images/sample.jpg	13817035826246613397	13817035826246613397	10407	10407	0
modules/imageframe/locale/da_DK/LC_MESSAGES/modules_imageframe.mo	13817035826257000609	13817035826257000609	1160	1160	0
modules/imageframe/locale/de_DE/LC_MESSAGES/modules_imageframe.mo	13817035825083425975	13817035825083425975	1174	1174	0
modules/imageframe/locale/fr_FR/LC_MESSAGES/modules_imageframe.mo	13817035825161290208	13817035825161290208	1175	1175	0
modules/imageframe/locale/nl_NL/LC_MESSAGES/modules_imageframe.mo	13817035823661314586	13817035823661314586	1168	1168	0
modules/imageframe/locale/no_NO/LC_MESSAGES/modules_imageframe.mo	13817035825224592782	13817035825224592782	1088	1088	0
modules/imageframe/module.inc	13817035826804402392	13817035824674855021	2276	2352	1
modules/imageframe/po/GNUmakefile	13817035824619212990	13817035825560549809	98	103	0
modules/imageframe/po/da_DK.po	13817035826445686532	13817035825190816339	1926	2009	0
modules/imageframe/po/de_DE.po	13817035825257832287	13817035825944434158	1925	2007	0
modules/imageframe/po/fr_FR.po	13817035824105900468	13817035823337642820	1936	2017	0
modules/imageframe/po/nl_NL.po	13817035824167218247	13817035824120334134	2021	2104	0
modules/imageframe/po/no_NO.po	13817035826385693993	13817035824902338993	1850	1932	0
modules/imageframe/po/strings.raw	13817035823695124824	13817035823719571409	350	367	0
modules/imageframe/templates/ImageFrame.tpl	13817035824606585724	13817035825049954461	2864	2931	0
modules/imageframe/templates/ImageFrameStyle.tpl	13817035823004796520	13817035826281537176	3401	3454	0
modules/imageframe/templates/SampleBody.tpl	13817035826691316904	13817035826875434528	878	903	0
modules/imageframe/test/phpunit/ImageFrameTest.class	13817035825367745053	13817035822906682459	3846	3962	1
