# File crc32 crc32(crlf) size size(crlf)  or  R File
LICENSE	13817035208055603185	13817035207461100398	18011	18351
README.html	13817035207295450691	13817035207106758835	68619	70559
bootstrap.inc	13817035207559907010	13817035206606743579	1786	1828
docs/DEVELOPER_GUIDELINES	13817035205963716681	13817035208447063450	2558	2615
docs/EMBEDDING	13817035207226417425	13817035207113979500	7547	7689
docs/LOCALIZING	13817035207101206049	13817035206732795777	9625	9901
embed.php	13817035207222043414	13817035205794124312	1493	1529
images/g2Logo.gif	13817035205473783065	13817035205473783065	6395	6395
images/gallery.gif	13817035206498024407	13817035206498024407	1180	1180
images/galleryLogo_sm.gif	13817035205443444892	13817035205443444892	3488	3488
images/galleryLogo_sm.png	13817035206222904946	13817035206222904946	10222	10222
images/xhtml10.png	13817035205442461797	13817035205442461797	321	321
index.php	13817035206820554626	13817035205519976320	1606	1646
init.inc	13817035205166602249	13817035207675036337	6839	7017
install/GalleryStub.class	13817035206570768273	13817035208236486230	1224	1262
install/InstallStep.class	13817035206782877544	13817035207951606665	2415	2524
install/config.php-template	13817035207310253808	13817035204998172343	6035	6183
install/images/background.png	13817035207043884126	13817035207043884126	23329	23329
install/images/g2Logo_install_head.png	13817035208223170292	13817035208223170292	13743	13743
install/index.php	13817035208447030873	13817035205937140195	8750	9053
install/locale/bg_BG/LC_MESSAGES/gallery2_install.mo	13817035208056018557	13817035208056018557	34018	34018
install/locale/cs_CZ/LC_MESSAGES/gallery2_install.mo	13817035204467685782	13817035204467685782	46972	46972
install/locale/de_DE/LC_MESSAGES/gallery2_install.mo	13817035207664941569	13817035207664941569	50922	50922
install/locale/fr_FR/LC_MESSAGES/gallery2_install.mo	13817035204388970562	13817035204388970562	51644	51644
install/locale/it_IT/LC_MESSAGES/gallery2_install.mo	13817035207299016783	13817035207299016783	49005	49005
install/locale/ja_JP/LC_MESSAGES/gallery2_install.mo	13817035207598505550	13817035207598505550	10043	10043
install/locale/nl_NL/LC_MESSAGES/gallery2_install.mo	13817035205927534587	13817035205927534587	47510	47510
install/locale/tr_TR/LC_MESSAGES/gallery2_install.mo	13817035208482775641	13817035208482775641	21252	21252
install/locale/vi_VN/LC_MESSAGES/gallery2_install.mo	13817035206287865522	13817035206287865522	54093	54093
install/locale/zh_TW/LC_MESSAGES/gallery2_install.mo	13817035207689329166	13817035207689329166	44843	44843
install/po/GNUmakefile	13817035204408282373	13817035205450697028	126	132
install/po/bg_BG.po	13817035208105642114	13817035207608255476	42797	43615
install/po/cs_CZ.po	13817035206550085476	13817035207909555683	50006	51319
install/po/de_DE.po	13817035206580597822	13817035205836148819	53639	55017
install/po/fr_FR.po	13817035206273753857	13817035207750540621	53958	55326
install/po/it_IT.po	13817035205893618215	13817035205506556614	50686	51509
install/po/ja_JP.po	13817035204792763094	13817035208182807366	32797	33853
install/po/nl_NL.po	13817035207923926527	13817035205475401284	50573	51912
install/po/strings.raw	13817035205645242559	13817035206335953584	23099	23342
install/po/tr_TR.po	13817035206356798011	13817035205659811591	35861	36670
install/po/vi_VN.po	13817035206212649858	13817035205681596722	56234	57545
install/po/zh_TW.po	13817035207279975163	13817035207417165040	46663	47870
install/steps/AdminUserSetupStep.class	13817035207364775459	13817035205947043916	4055	4172
install/steps/AuthenticateStep.class	13817035204975749408	13817035204920428329	3253	3358
install/steps/CreateConfigFileStep.class	13817035205481454694	13817035205980565382	7968	8175
install/steps/DatabaseSetupStep.class	13817035206073980406	13817035207687704463	22511	23130
install/steps/FinishedStep.class	13817035208097484845	13817035205870548405	1266	1303
install/steps/InstallCoreModuleStep.class	13817035206339545557	13817035208313643209	8781	9005
install/steps/InstallOtherModulesStep.class	13817035207936856177	13817035206966617170	6230	6414
install/steps/MultisiteStep.class	13817035205364548377	13817035207418273629	5575	5734
install/steps/SecureStep.class	13817035208482005792	13817035207252163858	2105	2163
install/steps/StorageSetupStep.class	13817035204552951462	13817035205878992871	2657	2750
install/steps/SystemChecksStep.class	13817035207185139025	13817035207350626763	11982	12291
install/steps/WelcomeStep.class	13817035207326089386	13817035208396758979	1456	1504
install/styles/style.css	13817035208476144475	13817035206747861639	5576	5915
install/templates/AdminUserSetupRequest.html	13817035205491823908	13817035204311864610	3344	3452
install/templates/AdminUserSetupSuccess.html	13817035204921498883	13817035206535414370	99	102
install/templates/AuthenticateRequest.html	13817035207046312984	13817035208433196406	1332	1356
install/templates/AuthenticateSuccessful.html	13817035205643288243	13817035204944932945	88	91
install/templates/CleanInstallRequest.html	13817035205179127067	13817035206123280089	923	949
install/templates/CreateConfigFileFailed.html	13817035205591320662	13817035205688060016	389	406
install/templates/CreateConfigFileInstructions.html	13817035208558577517	13817035207759756074	1251	1272
install/templates/CreateConfigFileSuccess.html	13817035204288599170	13817035204942696035	409	415
install/templates/DatabaseSetupRequest.html	13817035207062538007	13817035207545837590	4568	4698
install/templates/DatabaseSetupSuccess.html	13817035205504473347	13817035207070889113	91	94
install/templates/Finished.html	13817035205804139136	13817035207698046382	675	692
install/templates/InstallCoreModule.html	13817035205085316486	13817035207491585636	560	570
install/templates/InstallCoreModuleError.html	13817035208099379036	13817035204463792289	1592	1618
install/templates/InstallCoreModuleSuccess.html	13817035207810112811	13817035205044236342	397	402
install/templates/InstallOtherModulesRequest.html	13817035205367602442	13817035207119043784	4312	4428
install/templates/InstallOtherModulesSuccess.html	13817035204508241270	13817035206609959767	1568	1610
install/templates/MainPage.html	13817035204468397415	13817035205195695158	4091	4210
install/templates/ManifestSystemCheck.html	13817035207614291759	13817035207231366563	3375	3437
install/templates/Multisite.html	13817035206497190274	13817035207240464480	4593	4680
install/templates/MultisiteSuccess.html	13817035208247840567	13817035205857044507	193	201
install/templates/Secure.html	13817035205792636156	13817035206982318322	2021	2063
install/templates/StorageSetupRequest.html	13817035207645801440	13817035207057363826	6381	6503
install/templates/StorageSetupSuccess.html	13817035205646465074	13817035207345078423	84	87
install/templates/SystemChecks.html	13817035208135229748	13817035205949079893	1111	1150
install/templates/VersionCheckFailed.html	13817035205781302285	13817035208181817729	1722	1779
install/templates/Welcome.html	13817035208048934709	13817035208401138611	1609	1643
lib/adodb/adodb-error.inc.php	13817035204354576151	13817035208318008080	8544	8802
lib/adodb/adodb-iterator.inc.php	13817035207936071701	13817035206403187551	1598	1682
lib/adodb/adodb-lib.inc.php	13817035205238371543	13817035205261165111	31147	32150
lib/adodb/adodb-perf.inc.php	13817035205679465790	13817035206576280998	30669	31722
lib/adodb/adodb-php4.inc.php	13817035205946968884	13817035206998530600	322	338
lib/adodb/adodb-time.inc.php	13817035206205046892	13817035204866178976	38309	39596
lib/adodb/adodb.inc.php	13817035204841794606	13817035205123659584	110444	114320
lib/adodb/drivers/adodb-mysql.inc.php	13817035205013479689	13817035206761895088	20197	20962
lib/adodb/drivers/adodb-mysqli.inc.php	13817035208087438895	13817035206306618370	22892	23797
lib/adodb/drivers/adodb-mysqlt.inc.php	13817035207515568127	13817035205350431707	3155	3291
lib/adodb/drivers/adodb-oci8.inc.php	13817035204530027752	13817035204572770208	42362	43839
lib/adodb/drivers/adodb-oci805.inc.php	13817035206445340024	13817035207852570879	1581	1640
lib/adodb/drivers/adodb-oci8po.inc.php	13817035207928976650	13817035206491486515	5503	5720
lib/adodb/drivers/adodb-oracle.inc.php	13817035208291502139	13817035205318924542	8987	9307
lib/adodb/drivers/adodb-postgres.inc.php	13817035208225067268	13817035207930507905	521	535
lib/adodb/drivers/adodb-postgres64.inc.php	13817035204515478962	13817035207252309448	30508	31525
lib/adodb/drivers/adodb-postgres7.inc.php	13817035205978434297	13817035208185326389	5900	6130
lib/adodb/drivers/adodb-sqlite.inc.php	13817035204531823454	13817035207532710789	9722	10095
lib/adodb/drivers/adodb-sqlitepo.inc.php	13817035208178885532	13817035207964590595	1865	1927
lib/adodb/license.txt	13817035207738131624	13817035204702221780	25899	26081
lib/adodb/perf/perf-mysql.inc.php	13817035205719189849	13817035207155793393	8431	8746
lib/adodb/perf/perf-oci8.inc.php	13817035208012904236	13817035204408390113	16493	17002
lib/adodb/perf/perf-postgres.inc.php	13817035207044346878	13817035207747906818	4613	4737
lib/adodb/readme.txt	13817035207919079282	13817035204704637084	1671	1733
lib/adodb/tohtml.inc.php	13817035206157931450	13817035205579313775	5527	5722
lib/bbcode/README	13817035206104644733	13817035204611631823	631	646
lib/bbcode/bbcode.class	13817035207845836004	13817035204657790830	18202	18787
lib/javascript/AutoComplete.js	13817035205808077016	13817035207937773097	8599	8867
lib/javascript/BlockSelectWidget.js	13817035207960986612	13817035205927296332	19574	20190
lib/javascript/BlockToggle.js	13817035207398258734	13817035204348635956	1380	1415
lib/javascript/XmlHttp.js	13817035205672134471	13817035207684860380	1754	1809
lib/smarty/COPYING.lib	13817035207096484457	13817035208494188002	24389	24847
lib/smarty/Config_File.class.php	13817035204557417070	13817035206171606225	12717	13106
lib/smarty/README	13817035206743795395	13817035205970938570	3186	3266
lib/smarty/Smarty.class.php	13817035206881887975	13817035204693058468	62933	64867
lib/smarty/Smarty_Compiler.class.php	13817035205328957229	13817035206128540097	91064	93375
lib/smarty/debug.tpl	13817035206006989369	13817035207492417383	5066	5130
lib/smarty/internals/core.assemble_plugin_filepath.php	13817035206585247054	13817035204563009343	1949	2016
lib/smarty/internals/core.assign_smarty_interface.php	13817035208153131953	13817035205953939989	1258	1301
lib/smarty/internals/core.create_dir_structure.php	13817035208102497499	13817035206076636254	2496	2575
lib/smarty/internals/core.display_debug_console.php	13817035206900695560	13817035207386662499	1583	1644
lib/smarty/internals/core.get_include_path.php	13817035207181229823	13817035206353988607	1002	1046
lib/smarty/internals/core.get_microtime.php	13817035208452398505	13817035206640618803	360	383
lib/smarty/internals/core.get_php_resource.php	13817035204877618270	13817035204323170269	2467	2547
lib/smarty/internals/core.is_secure.php	13817035207249561346	13817035205230006468	1671	1730
lib/smarty/internals/core.is_trusted.php	13817035204680969556	13817035207026537519	1273	1320
lib/smarty/internals/core.load_plugins.php	13817035206859715090	13817035207353015298	4429	4554
lib/smarty/internals/core.load_resource_plugin.php	13817035207360383339	13817035205235909044	2147	2221
lib/smarty/internals/core.process_cached_inserts.php	13817035204818360471	13817035204399208827	2404	2475
lib/smarty/internals/core.process_compiled_include.php	13817035206444663717	13817035207427716381	1011	1048
lib/smarty/internals/core.read_cache_file.php	13817035206850237600	13817035206311016760	3604	3705
lib/smarty/internals/core.rm_auto.php	13817035206538847247	13817035204965661904	2286	2357
lib/smarty/internals/core.rmdir.php	13817035206692503827	13817035205291478573	1444	1498
lib/smarty/internals/core.run_insert_handler.php	13817035207087363971	13817035207349579586	2656	2727
lib/smarty/internals/core.smarty_include_php.php	13817035205339440699	13817035204658930963	1602	1652
lib/smarty/internals/core.write_cache_file.php	13817035204397526443	13817035207462794441	3620	3716
lib/smarty/internals/core.write_compiled_include.php	13817035208554694860	13817035204340064055	3118	3209
lib/smarty/internals/core.write_compiled_resource.php	13817035205574770810	13817035208040747211	1081	1116
lib/smarty/internals/core.write_file.php	13817035204657597407	13817035207611055502	1378	1432
lib/smarty/plugins/block.textformat.php	13817035207503151529	13817035206871703256	2797	2899
lib/smarty/plugins/compiler.assign.php	13817035207031571154	13817035207521234788	968	1006
lib/smarty/plugins/function.assign_debug_info.php	13817035207908017002	13817035206779662875	1116	1155
lib/smarty/plugins/function.config_load.php	13817035205384454715	13817035204607602559	6029	6169
lib/smarty/plugins/function.counter.php	13817035204678123361	13817035204856163612	1726	1805
lib/smarty/plugins/function.cycle.php	13817035206812317629	13817035207664222715	3192	3294
lib/smarty/plugins/function.debug.php	13817035206587408936	13817035208243540171	835	870
lib/smarty/plugins/function.eval.php	13817035207203668828	13817035204469382070	968	1016
lib/smarty/plugins/function.fetch.php	13817035206017196598	13817035207602723461	8697	8917
lib/smarty/plugins/function.html_checkboxes.php	13817035205299451779	13817035204435248455	4381	4524
lib/smarty/plugins/function.html_image.php	13817035206502520041	13817035205214733438	4615	4754
lib/smarty/plugins/function.html_options.php	13817035207929319349	13817035207981278395	3751	3872
lib/smarty/plugins/function.html_radios.php	13817035207106551858	13817035205313959317	4841	4997
lib/smarty/plugins/function.html_select_date.php	13817035207393974472	13817035205963406777	11592	11914
lib/smarty/plugins/function.html_select_time.php	13817035207251802727	13817035205349920332	7170	7362
lib/smarty/plugins/function.html_table.php	13817035208026660832	13817035204695099892	3759	3896
lib/smarty/plugins/function.mailto.php	13817035204337682951	13817035204904189055	5161	5324
lib/smarty/plugins/function.math.php	13817035204779858460	13817035204786081710	2514	2597
lib/smarty/plugins/function.popup.php	13817035205598791770	13817035208492477019	3201	3318
lib/smarty/plugins/function.popup_init.php	13817035204693787634	13817035206330871045	931	970
lib/smarty/plugins/modifier.capitalize.php	13817035208069993735	13817035208301622641	946	988
lib/smarty/plugins/modifier.cat.php	13817035208081136712	13817035205703940002	623	656
lib/smarty/plugins/modifier.count_characters.php	13817035205629522036	13817035206447667807	695	726
lib/smarty/plugins/modifier.count_paragraphs.php	13817035206547453108	13817035206994865943	582	610
lib/smarty/plugins/modifier.count_sentences.php	13817035208239095722	13817035207912247950	605	633
lib/smarty/plugins/modifier.count_words.php	13817035207526842012	13817035205474065194	703	735
lib/smarty/plugins/modifier.date_format.php	13817035206973817127	13817035204582057895	1361	1409
lib/smarty/plugins/modifier.debug_print_var.php	13817035204584686950	13817035204954411806	1863	1919
lib/smarty/plugins/modifier.default.php	13817035207579555618	13817035207608038344	587	618
lib/smarty/plugins/modifier.escape.php	13817035207863669110	13817035206977796462	2527	2616
lib/smarty/plugins/modifier.indent.php	13817035206662969790	13817035205303260177	519	546
lib/smarty/plugins/modifier.lower.php	13817035207624735485	13817035207319268250	433	458
lib/smarty/plugins/modifier.nl2br.php	13817035204317007244	13817035208306823905	717	752
lib/smarty/plugins/modifier.regex_replace.php	13817035205937727811	13817035207049405209	830	863
lib/smarty/plugins/modifier.replace.php	13817035206244747699	13817035204637120063	537	566
lib/smarty/plugins/modifier.spacify.php	13817035204598314191	13817035208454913551	596	625
lib/smarty/plugins/modifier.string_format.php	13817035206026622489	13817035205960615890	531	559
lib/smarty/plugins/modifier.strip.php	13817035205260006212	13817035207300320831	742	775
lib/smarty/plugins/modifier.strip_tags.php	13817035206751413998	13817035207041651698	628	659
lib/smarty/plugins/modifier.truncate.php	13817035204566049470	13817035205835958857	1260	1309
lib/smarty/plugins/modifier.upper.php	13817035204524904702	13817035208117205967	433	458
lib/smarty/plugins/modifier.wordwrap.php	13817035206069437284	13817035206045375814	565	593
lib/smarty/plugins/outputfilter.trimwhitespace.php	13817035206280798743	13817035205757741720	2649	2724
lib/smarty/plugins/shared.escape_special_chars.php	13817035204389802907	13817035205621150415	726	756
lib/smarty/plugins/shared.make_timestamp.php	13817035206592268965	13817035205726597411	1119	1164
lib/smarty_plugins/modifier.entitytruncate.php	13817035204308558565	13817035207576078163	2963	3040
lib/smarty_plugins/modifier.ireplace.php	13817035204438331674	13817035205726351731	1437	1475
lib/smarty_plugins/modifier.markup.php	13817035207388699953	13817035204564248117	6213	6411
lib/smarty_plugins/modifier.print_r.php	13817035208442936672	13817035207185411014	1239	1275
lib/smarty_plugins/modifier.repeat.php	13817035206381335355	13817035206196625684	1192	1226
lib/smarty_plugins/modifier.split.php	13817035207680128489	13817035208347233351	1310	1345
lib/smarty_plugins/modifier.utf8.php	13817035207752258678	13817035207089476308	1226	1261
lib/smtp/smtp.php	13817035204802188279	13817035205514082436	5928	6107
lib/support/cache.php	13817035207574879993	13817035206549868974	3583	3713
lib/support/gd.php	13817035205347163624	13817035206178430177	7875	8120
lib/support/index.php	13817035207481725559	13817035208144594642	916	948
lib/support/phpinfo.php	13817035207679644352	13817035204665683468	154	164
lib/support/security.inc	13817035208400604094	13817035206017898629	4937	5111
lib/support/support.css	13817035205164847949	13817035206895242975	793	849
lib/tools/CRC32.jar	13817035205400984407	13817035205400984407	1236	1236
lib/tools/GNUmakefile.inc	13817035204282967493	13817035207011194553	608	619
lib/tools/bin/.htaccess	13817035204699026241	13817035207426624960	31	33
lib/tools/bin/codex-download.tpl	13817035206353824253	13817035206731460830	2365	2447
lib/tools/bin/extractClassXml.pl	13817035204708050647	13817035208206212158	1259	1317
lib/tools/bin/filterManifests.pl	13817035208496612022	13817035205732528970	1427	1500
lib/tools/bin/getIllegalFunctions.pl	13817035206971329859	13817035208145425565	1197	1248
lib/tools/bin/makeManifest.pl	13817035208190882610	13817035208174318788	4138	4317
lib/tools/bin/rebuild-modules.sh	13817035206270867618	13817035206845557511	398	415
lib/tools/bin/update-codex-download-page.php	13817035206920066347	13817035206329436509	6789	7020
lib/tools/dtd/DatabaseChangeDefinition2.0.dtd	13817035205591549032	13817035207001188660	797	817
lib/tools/dtd/DatabaseRemoveDefinition2.0.dtd	13817035205952509826	13817035208087054120	129	134
lib/tools/dtd/DatabaseTableDefinition2.0.dtd	13817035208090103160	13817035205798916226	610	626
lib/tools/dtd/GalleryClass2.0.dtd	13817035207091374782	13817035206408647077	969	994
lib/tools/phpunit/CodeAuditTestCase.class	13817035207866115172	13817035208451257292	4483	4650
lib/tools/phpunit/GalleryControllerTestCase.class	13817035206266317123	13817035206668495196	2853	2940
lib/tools/phpunit/GalleryTestCase.class	13817035207871347291	13817035204839804105	23018	23856
lib/tools/phpunit/ItemAddOptionTestCase.class	13817035204909398761	13817035204800560358	3248	3346
lib/tools/phpunit/ItemAddPluginTestCase.class	13817035208348354402	13817035205957990489	3554	3661
lib/tools/phpunit/ItemEditOptionTestCase.class	13817035208198080408	13817035208134137300	4536	4688
lib/tools/phpunit/ItemEditPluginTestCase.class	13817035208453999292	13817035206710856860	3431	3537
lib/tools/phpunit/MockTemplateAdapter.class	13817035206385432271	13817035204561689165	1973	2041
lib/tools/phpunit/UnitTestPlatform.class	13817035206205974772	13817035206904634662	9852	10189
lib/tools/phpunit/index.php	13817035207514486725	13817035204635483352	6736	6960
lib/tools/phpunit/index.tpl	13817035207509246325	13817035205500080788	8162	8382
lib/tools/phpunit/phpunit.inc	13817035204298874859	13817035207798178613	22321	23077
lib/tools/phpunit/stylesheet.css	13817035204394866317	13817035206178642795	1433	1546
lib/tools/po/.htaccess	13817035207364170256	13817035207404363140	47	50
lib/tools/po/GNUmakefile.inc	13817035204757306321	13817035205382920589	2822	2916
lib/tools/po/extract.php	13817035204286850182	13817035205993905145	5816	6002
lib/tools/po/extract.pl	13817035205720945010	13817035204789117061	4087	4234
lib/tools/po/header.txt	13817035205816292556	13817035205850428757	839	857
lib/tools/po/premerge-messages.pl	13817035206360050169	13817035207535403181	735	786
lib/tools/po/shtool	13817035207159869400	13817035208451989654	23738	24454
lib/tools/po/update-all-translations.pl	13817035205143054782	13817035205616103671	2206	2303
lib/tools/reports/localization.php	13817035208380804303	13817035205633865911	8538	8887
lib/tools/reports/localization/main_detail.inc	13817035205913104056	13817035206619413631	1775	1821
lib/tools/reports/localization/main_summary.inc	13817035206560881878	13817035205617472584	1968	2024
lib/tools/reports/localization/plugin_rowdata.inc	13817035206730332516	13817035207958648392	1012	1041
lib/tools/reports/localization/row_header_detail.inc	13817035205901749011	13817035206661807530	365	397
lib/tools/reports/localization/row_header_summary.inc	13817035208338259332	13817035208152014034	295	321
lib/tools/reports/localization/style.css	13817035208526341483	13817035206364012877	1524	1582
lib/tools/stubs/.htaccess	13817035207364170256	13817035207404363140	47	50
lib/tools/stubs/README	13817035205428428391	13817035208299818153	302	308
lib/tools/stubs/Smarty_stub.class	13817035205391299955	13817035204653271950	1076	1110
lib/tools/stubs/TestCase_stub.class	13817035205728660428	13817035207942471632	1081	1115
lib/tools/uml/GNUmakefile	13817035207294228705	13817035205125683046	105	113
lib/tools/uml/JavaClasses.xsl	13817035205578766247	13817035208222743776	2212	2265
lib/tools/uml/make-java-classes.pl	13817035208042668127	13817035206882712275	2734	2840
lib/wz_dragdrop/transparentpixel.gif	13817035204417184601	13817035204417184601	43	43
lib/wz_dragdrop/wz_dragdrop.js	13817035208033470781	13817035208413864388	38687	40134
main.php	13817035206676308606	13817035207781414323	14750	15196
upgrade/GalleryStub.class	13817035207883564807	13817035205510305800	1200	1238
upgrade/StatusTemplate.class	13817035206877370003	13817035205575095073	3342	3445
upgrade/UpgradeStep.class	13817035205918653811	13817035207684779505	2415	2524
upgrade/images/background.png	13817035207043884126	13817035207043884126	23329	23329
upgrade/images/g2Logo_upgrade_head.png	13817035206004032353	13817035206004032353	16605	16605
upgrade/index.php	13817035207706577963	13817035205129837700	7197	7439
upgrade/locale/bg_BG/LC_MESSAGES/gallery2_upgrade.mo	13817035205438970118	13817035205438970118	14717	14717
upgrade/locale/cs_CZ/LC_MESSAGES/gallery2_upgrade.mo	13817035204666356467	13817035204666356467	21105	21105
upgrade/locale/de_DE/LC_MESSAGES/gallery2_upgrade.mo	13817035206715055654	13817035206715055654	22754	22754
upgrade/locale/fr_FR/LC_MESSAGES/gallery2_upgrade.mo	13817035205338045953	13817035205338045953	22561	22561
upgrade/locale/it_IT/LC_MESSAGES/gallery2_upgrade.mo	13817035204782051695	13817035204782051695	21758	21758
upgrade/locale/nl_NL/LC_MESSAGES/gallery2_upgrade.mo	13817035206168307961	13817035206168307961	20733	20733
upgrade/locale/tr_TR/LC_MESSAGES/gallery2_upgrade.mo	13817035205982710000	13817035205982710000	21326	21326
upgrade/locale/vi_VN/LC_MESSAGES/gallery2_upgrade.mo	13817035205181987301	13817035205181987301	24023	24023
upgrade/locale/zh_TW/LC_MESSAGES/gallery2_upgrade.mo	13817035204577298164	13817035204577298164	20089	20089
upgrade/po/GNUmakefile	13817035208258315367	13817035207581024336	126	132
upgrade/po/bg_BG.po	13817035208340062693	13817035207587117037	20193	20833
upgrade/po/cs_CZ.po	13817035206176311144	13817035207418636429	22564	23232
upgrade/po/de_DE.po	13817035206802260501	13817035206017374060	24554	25252
upgrade/po/fr_FR.po	13817035204557492119	13817035204288944066	24383	25072
upgrade/po/it_IT.po	13817035207951706182	13817035207132714950	22603	23067
upgrade/po/nl_NL.po	13817035205443058813	13817035207576103211	22460	23119
upgrade/po/strings.raw	13817035205054548056	13817035207827343108	10185	10321
upgrade/po/tr_TR.po	13817035208414947556	13817035206854534253	23415	24095
upgrade/po/vi_VN.po	13817035204480823833	13817035208047485306	25392	26059
upgrade/po/zh_TW.po	13817035204866763061	13817035206040489834	21342	21970
upgrade/steps/AuthenticateStep.class	13817035205546350641	13817035206844076721	1632	1683
upgrade/steps/CleanCacheStep.class	13817035208541294008	13817035205721691158	1625	1675
upgrade/steps/FinishedStep.class	13817035206851937746	13817035207278057278	1104	1137
upgrade/steps/RedirectToInstallerStep.class	13817035205851171734	13817035205785611310	1850	1903
upgrade/steps/SystemChecksStep.class	13817035205738773453	13817035207177959652	14261	14644
upgrade/steps/UpgradeCoreModuleStep.class	13817035205872884096	13817035205263711843	4214	4340
upgrade/steps/UpgradeOtherModulesStep.class	13817035206223783862	13817035204421885071	10338	10645
upgrade/steps/WelcomeStep.class	13817035207119027031	13817035207075140662	1566	1616
upgrade/styles/style.css	13817035208255911972	13817035204934221050	5212	5530
upgrade/templates/AuthenticateRequest.html	13817035207161696551	13817035206985411110	1158	1193
upgrade/templates/AuthenticateSuccessful.html	13817035205643288243	13817035204944932945	88	91
upgrade/templates/CleanCache.html	13817035208005389995	13817035207711659621	1397	1428
upgrade/templates/Finished.html	13817035204372475607	13817035207035301858	424	435
upgrade/templates/InvalidConfig.html	13817035205753410680	13817035207280067847	356	362
upgrade/templates/MainPage.html	13817035206094033133	13817035207586093485	6299	6472
upgrade/templates/ManifestSystemCheck.html	13817035207484485518	13817035207900449271	3379	3441
upgrade/templates/NavBar.html	13817035205801043255	13817035207321622707	1567	1621
upgrade/templates/RedirectToInstaller.html	13817035208392548907	13817035206635736929	934	954
upgrade/templates/SystemChecks.html	13817035208135229748	13817035205949079893	1111	1150
upgrade/templates/UpgradeCoreModuleError.html	13817035207902874303	13817035208137123066	739	763
upgrade/templates/UpgradeCoreModuleRequest.html	13817035206344531986	13817035207499786456	3243	3337
upgrade/templates/UpgradeCoreModuleSuccess.html	13817035207948663449	13817035208166284832	627	645
upgrade/templates/UpgradeCoreModuleUpToDate.html	13817035206597908609	13817035206306782822	354	372
upgrade/templates/UpgradeOtherModulesRequest.html	13817035206704510362	13817035205300330820	5260	5415
upgrade/templates/UpgradeOtherModulesSuccess.html	13817035206587806144	13817035207899556846	1865	1926
upgrade/templates/Welcome.html	13817035207991354175	13817035205530054579	1213	1238
R	init.php
R	install/multiconfig.php-template
R	install/templates/WelcomeMultiSite.html
R	layouts/classic
R	layouts/hybrid
R	layouts/matrix
R	layouts/siriux
R	layouts/slider
R	layouts/tile
R	lib/IE7
R	lib/java
R	lib/smarty/core
R	lib/smarty_plugins/function.adminlinkid.php
R	lib/smarty_plugins/function.safecssname.php
R	lib/tools/gd
R	lib/tools/messages
R	lib/tools/phpinfo.php
R	lib/tools/security.inc
R	lib/tools/test
R	templates
R	themes/mblue
R	themes/veloria
R	upgrade/images/g2Logo_install_head.png
