# File crc32 crc32(crlf) size size(crlf) viewable
modules/webcam/ItemAddWebCam.inc	13817035822891216973	13817035823195168491	5047	5203	1
modules/webcam/WebCamSiteAdmin.inc	13817035826777021169	13817035825207247518	2851	2945	1
modules/webcam/locale/de_DE/LC_MESSAGES/modules_webcam.mo	13817035824494624577	13817035824494624577	1121	1121	0
modules/webcam/locale/fr_FR/LC_MESSAGES/modules_webcam.mo	13817035824793671368	13817035824793671368	1549	1549	0
modules/webcam/locale/nl_NL/LC_MESSAGES/modules_webcam.mo	13817035823861988603	13817035823861988603	2127	2127	0
modules/webcam/locale/no_NO/LC_MESSAGES/modules_webcam.mo	13817035826858331904	13817035826858331904	2046	2046	0
modules/webcam/module.inc	13817035826444060536	13817035825003385959	7104	7336	1
modules/webcam/po/GNUmakefile	13817035824619212990	13817035825560549809	98	103	0
modules/webcam/po/de_DE.po	13817035825302123452	13817035826024384101	2615	2717	0
modules/webcam/po/fr_FR.po	13817035826875735242	13817035824278323926	2931	3039	0
modules/webcam/po/nl_NL.po	13817035824227554548	13817035826396825475	4360	4496	0
modules/webcam/po/no_NO.po	13817035826295773323	13817035823236695015	4230	4365	0
modules/webcam/po/strings.raw	13817035823904860493	13817035827032376192	783	804	0
modules/webcam/templates/ItemAddWebCam.tpl	13817035824337230029	13817035826461572306	2308	2380	0
modules/webcam/templates/WebCamSiteAdmin.tpl	13817035823063741599	13817035825009553463	1463	1515	0
modules/webcam/test/phpunit/ItemAddWebCamTest.class	13817035825780707247	13817035826063351075	10546	10940	1
modules/webcam/test/phpunit/WebCamSiteAdminControllerTest.class	13817035826612318624	13817035822829896592	3849	3967	1
