# File crc32 crc32(crlf) size size(crlf) viewable
modules/cart/AddToCart.inc	13817035827044485355	13817035826206407912	2259	2338	1
modules/cart/ModifyCart.inc	13817035823250469653	13817035824243527342	4519	4681	1
modules/cart/ViewCart.inc	13817035825331034712	13817035825726140665	5922	6109	1
modules/cart/classes/CartHelper.class	13817035824291200679	13817035824208782252	3835	3981	1
modules/cart/classes/CartPluginInterface_1_0.class	13817035824402545366	13817035826843730237	2299	2369	1
modules/cart/locale/cs_CZ/LC_MESSAGES/modules_cart.mo	13817035826407694620	13817035826407694620	1783	1783	0
modules/cart/locale/da_DK/LC_MESSAGES/modules_cart.mo	13817035822983179108	13817035822983179108	1644	1644	0
modules/cart/locale/de_DE/LC_MESSAGES/modules_cart.mo	13817035824129107321	13817035824129107321	1956	1956	0
modules/cart/locale/fr_FR/LC_MESSAGES/modules_cart.mo	13817035826323972254	13817035826323972254	1808	1808	0
modules/cart/locale/ga_IE/LC_MESSAGES/modules_cart.mo	13817035824065539763	13817035824065539763	1736	1736	0
modules/cart/locale/it_IT/LC_MESSAGES/modules_cart.mo	13817035825310853723	13817035825310853723	1707	1707	0
modules/cart/locale/nl_NL/LC_MESSAGES/modules_cart.mo	13817035825765847327	13817035825765847327	1740	1740	0
modules/cart/locale/no_NO/LC_MESSAGES/modules_cart.mo	13817035824127867554	13817035824127867554	1988	1988	0
modules/cart/locale/pt_BR/LC_MESSAGES/modules_cart.mo	13817035823234107204	13817035823234107204	1647	1647	0
modules/cart/locale/sv_SE/LC_MESSAGES/modules_cart.mo	13817035825628558522	13817035825628558522	970	970	0
modules/cart/locale/zh_CN/LC_MESSAGES/modules_cart.mo	13817035823758203719	13817035823758203719	1455	1455	0
modules/cart/module.inc	13817035826507465576	13817035825268717225	4189	4341	1
modules/cart/po/GNUmakefile	13817035824619212990	13817035825560549809	98	103	0
modules/cart/po/cs_CZ.po	13817035826700679831	13817035825738171696	2806	2914	0
modules/cart/po/da_DK.po	13817035824865317830	13817035825819804801	2670	2780	0
modules/cart/po/de_DE.po	13817035826476372258	13817035824502532302	2751	2858	0
modules/cart/po/fr_FR.po	13817035823398561910	13817035822804494449	2807	2914	0
modules/cart/po/ga_IE.po	13817035823102062889	13817035823331357228	3701	3841	0
modules/cart/po/it_IT.po	13817035823025472602	13817035824158412547	2826	2935	0
modules/cart/po/nl_NL.po	13817035826062432851	13817035826379246211	2813	2924	0
modules/cart/po/no_NO.po	13817035823157238902	13817035823054137954	2799	2907	0
modules/cart/po/pt_BR.po	13817035824288419449	13817035825513212096	2660	2769	0
modules/cart/po/strings.raw	13817035825104132624	13817035825612042930	686	709	0
modules/cart/po/sv_SE.po	13817035822870981732	13817035823342250260	2904	3031	0
modules/cart/po/zh_CN.po	13817035823972757842	13817035823489386046	2537	2643	0
modules/cart/templates/CartSystemContent.tpl	13817035826843889170	13817035823927905387	719	744	0
modules/cart/templates/ViewCart.tpl	13817035824469352159	13817035824532053002	4477	4640	0
modules/cart/test/phpunit/AddToCartControllerTest.class	13817035824970566700	13817035823613440711	6360	6570	1
modules/cart/test/phpunit/CartHelperTest.class	13817035826471129897	13817035825466495547	5043	5217	1
modules/cart/test/phpunit/ModifyCartControllerTest.class	13817035823545905970	13817035826184023204	3993	4122	1
