# File crc32 crc32(crlf) size size(crlf)  or  R File
modules/publishxp/DownloadRegistryFile.inc	13817035205056187582	13817035204759680935	3202	3294
modules/publishxp/ItemAddPublishXp.inc	13817035205181286418	13817035204525495854	1966	2020
modules/publishxp/Login.inc	13817035205313069812	13817035206821500429	3896	4018
modules/publishxp/NewAlbum.inc	13817035207097616818	13817035205643052092	5106	5255
modules/publishxp/Options.inc	13817035205568117616	13817035207306579498	3391	3483
modules/publishxp/SelectAlbum.inc	13817035204636475893	13817035206918418955	4805	4946
modules/publishxp/UploadItems.inc	13817035207059473547	13817035206622471736	7546	7763
modules/publishxp/UploadedItem.inc	13817035207579776588	13817035208437770962	1683	1726
modules/publishxp/locale/cs_CZ/LC_MESSAGES/modules_publishxp.mo	13817035205026880521	13817035205026880521	6030	6030
modules/publishxp/locale/de_DE/LC_MESSAGES/modules_publishxp.mo	13817035204816412786	13817035204816412786	6455	6455
modules/publishxp/locale/fr_FR/LC_MESSAGES/modules_publishxp.mo	13817035205953407188	13817035205953407188	6309	6309
modules/publishxp/locale/nl_NL/LC_MESSAGES/modules_publishxp.mo	13817035205636872494	13817035205636872494	6213	6213
modules/publishxp/locale/sv_SE/LC_MESSAGES/modules_publishxp.mo	13817035206718900583	13817035206718900583	6489	6489
modules/publishxp/locale/tr_TR/LC_MESSAGES/modules_publishxp.mo	13817035208452118626	13817035208452118626	1834	1834
modules/publishxp/locale/zh_TW/LC_MESSAGES/modules_publishxp.mo	13817035208300662586	13817035208300662586	5845	5845
modules/publishxp/module.inc	13817035204695499687	13817035207150801631	3102	3193
modules/publishxp/po/GNUmakefile	13817035206143922366	13817035207085259185	98	103
modules/publishxp/po/cs_CZ.po	13817035204695376983	13817035207370354671	6900	7106
modules/publishxp/po/de_DE.po	13817035204870149602	13817035206658830913	7543	7756
modules/publishxp/po/fr_FR.po	13817035204628722430	13817035208325367100	7186	7393
modules/publishxp/po/nl_NL.po	13817035204803388150	13817035204296887014	7183	7392
modules/publishxp/po/strings.raw	13817035207745546211	13817035204824944600	2812	2858
modules/publishxp/po/sv_SE.po	13817035206043318771	13817035207174427186	7495	7711
modules/publishxp/po/tr_TR.po	13817035208386720209	13817035204717765233	5081	5271
modules/publishxp/po/zh_TW.po	13817035206668817071	13817035206395384794	6695	6893
modules/publishxp/templates/DownloadRegistryFile.tpl	13817035205631279914	13817035204525014911	756	769
modules/publishxp/templates/EmptyPage.tpl	13817035208081083215	13817035206886961799	277	283
modules/publishxp/templates/Head.tpl	13817035205723202511	13817035207266411549	1931	2010
modules/publishxp/templates/ItemAddPublishXp.tpl	13817035205658091435	13817035204476365350	1678	1702
modules/publishxp/templates/Login.tpl	13817035204684359413	13817035205421630412	1974	2034
modules/publishxp/templates/NewAlbum.tpl	13817035206033398000	13817035207807626188	4006	4125
modules/publishxp/templates/Options.tpl	13817035205280184225	13817035205686693446	1846	1888
modules/publishxp/templates/SelectAlbum.tpl	13817035207051167385	13817035206313198272	2271	2332
modules/publishxp/templates/UploadItems.tpl	13817035206292430284	13817035206983029452	2842	2911
modules/publishxp/test/phpunit/LoginControllerTest.class	13817035208556330468	13817035208162692089	1386	1429
modules/publishxp/test/phpunit/NewAlbumControllerTest.class	13817035204722346285	13817035204592814942	4613	4728
modules/publishxp/test/phpunit/OptionsControllerTest.class	13817035206857520525	13817035207247648429	2334	2402
modules/publishxp/test/phpunit/SelectAlbumControllerTest.class	13817035204444403954	13817035206835925622	2792	2878
modules/publishxp/test/phpunit/UploadItemsControllerTest.class	13817035208149382970	13817035206006512475	7993	8208
