# File crc32 crc32(crlf) size size(crlf) viewable
modules/remote/GalleryRemote.inc	13817035826583126784	13817035824541629308	14831	15278	1
modules/remote/ItemAddGalleryRemote.inc	13817035826892311443	13817035826249302432	2334	2411	1
modules/remote/RemoteSiteAdmin.inc	13817035826878564200	13817035823393132429	2819	2914	1
modules/remote/classes/GalleryRemoteConstants.class	13817035826629899590	13817035826932743692	2721	2810	1
modules/remote/classes/GalleryRemoteProperties.class	13817035825756295632	13817035826878794534	2710	2811	1
modules/remote/locale/de_DE/LC_MESSAGES/modules_remote.mo	13817035825455100808	13817035825455100808	1410	1410	0
modules/remote/locale/fr_FR/LC_MESSAGES/modules_remote.mo	13817035823225518007	13817035823225518007	695	695	0
modules/remote/locale/nl_NL/LC_MESSAGES/modules_remote.mo	13817035826715307151	13817035826715307151	1971	1971	0
modules/remote/locale/no_NO/LC_MESSAGES/modules_remote.mo	13817035826626915089	13817035826626915089	2035	2035	0
modules/remote/locale/sv_SE/LC_MESSAGES/modules_remote.mo	13817035823876512714	13817035823876512714	1579	1579	0
modules/remote/module.inc	13817035825882836734	13817035823007894591	3024	3125	1
modules/remote/po/GNUmakefile	13817035826934919162	13817035822962479911	97	101	0
modules/remote/po/de_DE.po	13817035823660676876	13817035825145545904	2512	2585	0
modules/remote/po/fr_FR.po	13817035824576574919	13817035823697771336	2201	2270	0
modules/remote/po/nl_NL.po	13817035826353483553	13817035823171734166	2908	2987	0
modules/remote/po/no_NO.po	13817035824579350725	13817035824048176802	2879	2956	0
modules/remote/po/strings.raw	13817035824586688144	13817035825120152618	746	757	0
modules/remote/po/sv_SE.po	13817035826236619343	13817035826480999024	2871	2949	0
modules/remote/templates/ItemAddGalleryRemote.tpl	13817035825998934840	13817035823282981208	928	943	0
modules/remote/templates/RemoteSiteAdmin.tpl	13817035826143149658	13817035825608786807	1253	1297	0
modules/remote/test/phpunit/GalleryRemoteControllerTest.class	13817035823220797730	13817035825676345498	12102	12424	1
modules/remote/test/phpunit/GalleryRemotePropertiesTest.class	13817035823021744986	13817035823017238846	2518	2594	1
modules/remote/test/phpunit/RemoteSiteAdminControllerTest.class	13817035827017479969	13817035823862314311	3117	3214	1
