# File crc32 crc32(crlf) size size(crlf)  or  R File
modules/debug/ShowTree.inc	13817035204412530790	13817035204408302872	3769	3889
modules/debug/classes/DebugHelper.class	13817035204986267517	13817035205103162609	1700	1761
modules/debug/locale/cs_CZ/LC_MESSAGES/modules_debug.mo	13817035204288765296	13817035204288765296	949	949
modules/debug/locale/da_DK/LC_MESSAGES/modules_debug.mo	13817035207776000495	13817035207776000495	805	805
modules/debug/locale/de_DE/LC_MESSAGES/modules_debug.mo	13817035205130642219	13817035205130642219	806	806
modules/debug/locale/en_GB/LC_MESSAGES/modules_debug.mo	13817035206409877636	13817035206409877636	524	524
modules/debug/locale/es_AR/LC_MESSAGES/modules_debug.mo	13817035204383302946	13817035204383302946	561	561
modules/debug/locale/fi_FI/LC_MESSAGES/modules_debug.mo	13817035204378604462	13817035204378604462	621	621
modules/debug/locale/fr_FR/LC_MESSAGES/modules_debug.mo	13817035206952021450	13817035206952021450	830	830
modules/debug/locale/ga_IE/LC_MESSAGES/modules_debug.mo	13817035205091593395	13817035205091593395	916	916
modules/debug/locale/is_IS/LC_MESSAGES/modules_debug.mo	13817035207045907087	13817035207045907087	414	414
modules/debug/locale/it_IT/LC_MESSAGES/modules_debug.mo	13817035207515852795	13817035207515852795	860	860
modules/debug/locale/ja_JP/LC_MESSAGES/modules_debug.mo	13817035208246562946	13817035208246562946	612	612
modules/debug/locale/nl_NL/LC_MESSAGES/modules_debug.mo	13817035207284359842	13817035207284359842	808	808
modules/debug/locale/no_NO/LC_MESSAGES/modules_debug.mo	13817035208358509509	13817035208358509509	769	769
modules/debug/locale/pl_PL/LC_MESSAGES/modules_debug.mo	13817035206513197794	13817035206513197794	663	663
modules/debug/locale/ru_RU/LC_MESSAGES/modules_debug.mo	13817035206254419509	13817035206254419509	829	829
modules/debug/locale/sv_SE/LC_MESSAGES/modules_debug.mo	13817035207966710068	13817035207966710068	875	875
modules/debug/locale/tr_TR/LC_MESSAGES/modules_debug.mo	13817035207908537892	13817035207908537892	847	847
modules/debug/locale/zh_CN/LC_MESSAGES/modules_debug.mo	13817035206904235133	13817035206904235133	736	736
modules/debug/locale/zh_TW/LC_MESSAGES/modules_debug.mo	13817035205351905712	13817035205351905712	847	847
modules/debug/module.inc	13817035207967072331	13817035204327721809	2492	2577
modules/debug/po/GNUmakefile	13817035206143922366	13817035207085259185	98	103
modules/debug/po/cs_CZ.po	13817035206580621003	13817035206465486427	1817	1876
modules/debug/po/da_DK.po	13817035206800248606	13817035207254275843	1738	1795
modules/debug/po/de_DE.po	13817035205525869767	13817035204479440126	1803	1863
modules/debug/po/en_GB.po	13817035207905177031	13817035207165593960	1661	1718
modules/debug/po/es_AR.po	13817035207684633389	13817035207466435150	1747	1805
modules/debug/po/fi_FI.po	13817035205705525382	13817035204869558873	1740	1798
modules/debug/po/fr_FR.po	13817035206114181223	13817035208442400895	1684	1738
modules/debug/po/ga_IE.po	13817035207994317161	13817035205611030898	2514	2592
modules/debug/po/is_IS.po	13817035204408174078	13817035208441943133	1554	1609
modules/debug/po/it_IT.po	13817035205736510199	13817035204909616865	1727	1785
modules/debug/po/ja_JP.po	13817035205042351533	13817035208461745439	1712	1769
modules/debug/po/nl_NL.po	13817035205507020941	13817035204508883394	1761	1819
modules/debug/po/no_NO.po	13817035208078789038	13817035207656149946	1727	1784
modules/debug/po/pl_PL.po	13817035204626777970	13817035205626155776	1750	1809
modules/debug/po/ru_RU.po	13817035206337275276	13817035207788667036	1810	1867
modules/debug/po/strings.raw	13817035207745175978	13817035208389663509	257	267
modules/debug/po/sv_SE.po	13817035205782372815	13817035204471698616	2046	2110
modules/debug/po/tr_TR.po	13817035205036844782	13817035207575591918	1852	1913
modules/debug/po/zh_CN.po	13817035205791867744	13817035206362535583	1689	1746
modules/debug/po/zh_TW.po	13817035206258391749	13817035204459571016	1709	1766
modules/debug/templates/ShowTree.tpl	13817035206917255671	13817035207179477329	534	549
modules/debug/templates/ShowTreeEntity.tpl	13817035206821995657	13817035205603233749	1355	1402
modules/debug/templates/ShowTreeEntityLink.tpl	13817035208007351942	13817035208505374436	586	602
R	modules/debug/FileViewer.inc
R	modules/debug/classes/DebugStatusFormatter.class
R	modules/debug/templates/DebugHead.tpl
R	modules/debug/templates/DebugStatusFormatter.tpl
R	modules/debug/templates/FileViewerHead.tpl
R	modules/debug/templates/FileViewerIllegalFile.tpl
R	modules/debug/templates/FileViewerLegalFile.tpl
