# File crc32 crc32(crlf) size size(crlf) viewable
modules/squarethumb/CantActivate.inc	13817035825809865633	13817035822828913137	1453	1499	1
modules/squarethumb/classes/SquareThumbToolkit.class	13817035826916527720	13817035824804793817	6970	7172	1
modules/squarethumb/locale/de_DE/LC_MESSAGES/modules_squarethumb.mo	13817035823455996105	13817035823455996105	1238	1238	0
modules/squarethumb/locale/fr_FR/LC_MESSAGES/modules_squarethumb.mo	13817035826703946987	13817035826703946987	864	864	0
modules/squarethumb/locale/nl_NL/LC_MESSAGES/modules_squarethumb.mo	13817035825037916652	13817035825037916652	1271	1271	0
modules/squarethumb/locale/no_NO/LC_MESSAGES/modules_squarethumb.mo	13817035823065898358	13817035823065898358	1392	1392	0
modules/squarethumb/module.inc	13817035825848496194	13817035823530864288	6724	6947	1
modules/squarethumb/po/GNUmakefile	13817035824619212990	13817035825560549809	98	103	0
modules/squarethumb/po/de_DE.po	13817035824957579650	13817035825536049043	2103	2164	0
modules/squarethumb/po/fr_FR.po	13817035825492595418	13817035824949050540	1939	1997	0
modules/squarethumb/po/nl_NL.po	13817035825220303157	13817035824093473143	2204	2267	0
modules/squarethumb/po/no_NO.po	13817035825635571795	13817035823827605571	2239	2301	0
modules/squarethumb/po/strings.raw	13817035823508775102	13817035825464876703	418	426	0
modules/squarethumb/templates/CantActivate.tpl	13817035824874792703	13817035824745428123	895	920	0
modules/squarethumb/test/phpunit/SquareThumbToolkitTest.class	13817035826956697614	13817035824960864802	9326	9593	1
