# File crc32 crc32(crlf) size size(crlf)  or  R File
themes/tile/locale/cs_CZ/LC_MESSAGES/themes_tile.mo	13817035206076582567	13817035206076582567	2075	2075
themes/tile/locale/da_DK/LC_MESSAGES/themes_tile.mo	13817035208336325828	13817035208336325828	1200	1200
themes/tile/locale/de_DE/LC_MESSAGES/themes_tile.mo	13817035205622381932	13817035205622381932	2187	2187
themes/tile/locale/fr_FR/LC_MESSAGES/themes_tile.mo	13817035204684296320	13817035204684296320	2155	2155
themes/tile/locale/is_IS/LC_MESSAGES/themes_tile.mo	13817035205064967595	13817035205064967595	419	419
themes/tile/locale/it_IT/LC_MESSAGES/themes_tile.mo	13817035204780322257	13817035204780322257	2219	2219
themes/tile/locale/nl_NL/LC_MESSAGES/themes_tile.mo	13817035205401198307	13817035205401198307	2095	2095
themes/tile/locale/no_NO/LC_MESSAGES/themes_tile.mo	13817035205639206803	13817035205639206803	1032	1032
themes/tile/locale/ru_RU/LC_MESSAGES/themes_tile.mo	13817035208175003073	13817035208175003073	1373	1373
themes/tile/locale/sv_SE/LC_MESSAGES/themes_tile.mo	13817035205308241844	13817035205308241844	1206	1206
themes/tile/locale/tr_TR/LC_MESSAGES/themes_tile.mo	13817035206710813493	13817035206710813493	1453	1453
themes/tile/locale/vi_VN/LC_MESSAGES/themes_tile.mo	13817035204836951966	13817035204836951966	2201	2201
themes/tile/locale/zh_CN/LC_MESSAGES/themes_tile.mo	13817035205208713856	13817035205208713856	1086	1086
themes/tile/locale/zh_TW/LC_MESSAGES/themes_tile.mo	13817035206370606216	13817035206370606216	1983	1983
themes/tile/po/GNUmakefile	13817035206143922366	13817035207085259185	98	103
themes/tile/po/cs_CZ.po	13817035207764803557	13817035207681426103	3049	3150
themes/tile/po/da_DK.po	13817035204287131128	13817035208411743900	2520	2612
themes/tile/po/de_DE.po	13817035207483565340	13817035207265341591	3191	3295
themes/tile/po/fr_FR.po	13817035204682446096	13817035204873909752	3008	3104
themes/tile/po/is_IS.po	13817035207607593448	13817035204348306077	2239	2328
themes/tile/po/it_IT.po	13817035207844480351	13817035207130156584	3168	3259
themes/tile/po/nl_NL.po	13817035205392605391	13817035205124558811	3043	3142
themes/tile/po/no_NO.po	13817035207091387134	13817035206694072212	2952	3057
themes/tile/po/ru_RU.po	13817035208298966908	13817035205573360249	3788	3896
themes/tile/po/strings.raw	13817035207849360656	13817035204523399192	843	862
themes/tile/po/sv_SE.po	13817035204391814623	13817035206053907027	3286	3397
themes/tile/po/tr_TR.po	13817035207938797348	13817035206768786320	2764	2854
themes/tile/po/vi_VN.po	13817035204953338656	13817035207688462045	3045	3138
themes/tile/po/zh_CN.po	13817035207717147519	13817035205517016228	2891	2993
themes/tile/po/zh_TW.po	13817035205414228915	13817035208036730777	2825	2918
themes/tile/templates/edit.tpl	13817035208444272569	13817035206081538543	2525	2596
themes/tile/templates/error.tpl	13817035206021265955	13817035208214728466	1001	1030
themes/tile/templates/header.tpl	13817035205759358629	13817035204640637530	862	885
themes/tile/templates/progressbar.tpl	13817035207909973876	13817035205983057705	2712	2798
themes/tile/templates/render.tpl	13817035205971198562	13817035205170901784	626	639
themes/tile/templates/theme.tpl	13817035207262431387	13817035206416181755	2605	2683
themes/tile/templates/tile.tpl	13817035207089558087	13817035208135598203	2733	2810
themes/tile/theme.css	13817035205070089307	13817035206826292302	11747	12340
themes/tile/theme.inc	13817035206000996183	13817035206060465592	13323	13745
themes/tile/tile.js	13817035207418568688	13817035207973446977	1959	2020
