# File crc32 crc32(crlf) size size(crlf)  or  R File
modules/colorpack/classes/ColorPackImpl.class	13817035207883019908	13817035207495381728	2739	2833
modules/colorpack/classes/ColorPackInterface_1_0.class	13817035206771758972	13817035206680222533	1793	1849
modules/colorpack/locale/bg_BG/LC_MESSAGES/modules_colorpack.mo	13817035207405059768	13817035207405059768	969	969
modules/colorpack/locale/cs_CZ/LC_MESSAGES/modules_colorpack.mo	13817035207182643866	13817035207182643866	892	892
modules/colorpack/locale/da_DK/LC_MESSAGES/modules_colorpack.mo	13817035206972472072	13817035206972472072	732	732
modules/colorpack/locale/de_DE/LC_MESSAGES/modules_colorpack.mo	13817035204297368635	13817035204297368635	877	877
modules/colorpack/locale/fr_FR/LC_MESSAGES/modules_colorpack.mo	13817035207069771937	13817035207069771937	897	897
modules/colorpack/locale/it_IT/LC_MESSAGES/modules_colorpack.mo	13817035205019170822	13817035205019170822	888	888
modules/colorpack/locale/nl_NL/LC_MESSAGES/modules_colorpack.mo	13817035205175742284	13817035205175742284	840	840
modules/colorpack/locale/tr_TR/LC_MESSAGES/modules_colorpack.mo	13817035207858476357	13817035207858476357	904	904
modules/colorpack/locale/zh_TW/LC_MESSAGES/modules_colorpack.mo	13817035208067784726	13817035208067784726	843	843
modules/colorpack/module.inc	13817035205254240118	13817035204317919277	2250	2325
modules/colorpack/packs/black/color.css	13817035206667924575	13817035208412329909	1209	1246
modules/colorpack/packs/blue/color.css	13817035206557291899	13817035206446082475	1100	1133
modules/colorpack/packs/bluebottle/color.css	13817035207906771104	13817035208381337896	1262	1299
modules/colorpack/packs/deepsea/color.css	13817035205966072407	13817035205251584850	1335	1373
modules/colorpack/packs/goldleaf/color.css	13817035207011394766	13817035204575660970	1272	1307
modules/colorpack/po/GNUmakefile	13817035206143922366	13817035206143922366	98	98
modules/colorpack/po/bg_BG.po	13817035205807668017	13817035207123646382	1960	2025
modules/colorpack/po/cs_CZ.po	13817035205310678650	13817035208145023128	1741	1800
modules/colorpack/po/da_DK.po	13817035208003405261	13817035207136778619	1819	1883
modules/colorpack/po/de_DE.po	13817035206397008589	13817035206397008589	1817	1817
modules/colorpack/po/fr_FR.po	13817035207256391008	13817035205741744642	1748	1806
modules/colorpack/po/it_IT.po	13817035207600368027	13817035206169970092	1742	1802
modules/colorpack/po/nl_NL.po	13817035206819958317	13817035206069725736	1758	1817
modules/colorpack/po/strings.raw	13817035204653438545	13817035204653438545	217	217
modules/colorpack/po/tr_TR.po	13817035204405553507	13817035206746328619	1830	1893
modules/colorpack/po/zh_TW.po	13817035205585905792	13817035208260463130	1694	1752
modules/colorpack/test/phpunit/ColorPackTest.class	13817035204355426626	13817035206562229784	2536	2621
