# File crc32 crc32(crlf) size size(crlf)  or  R File
modules/thumbpage/CantActivate.inc	13817035204758424939	13817035207612143431	1439	1485
modules/thumbpage/ItemEditThumbOffset.inc	13817035207224361785	13817035207126870588	5786	5960
modules/thumbpage/ItemEditThumbPage.inc	13817035207458114436	13817035205391272453	5632	5802
modules/thumbpage/locale/cs_CZ/LC_MESSAGES/modules_thumbpage.mo	13817035204533655649	13817035204533655649	2126	2126
modules/thumbpage/locale/de_DE/LC_MESSAGES/modules_thumbpage.mo	13817035208283904637	13817035208283904637	2233	2233
modules/thumbpage/locale/fr_FR/LC_MESSAGES/modules_thumbpage.mo	13817035207830934118	13817035207830934118	2107	2107
modules/thumbpage/locale/is_IS/LC_MESSAGES/modules_thumbpage.mo	13817035208546727607	13817035208546727607	418	418
modules/thumbpage/locale/nl_NL/LC_MESSAGES/modules_thumbpage.mo	13817035207087614480	13817035207087614480	2028	2028
modules/thumbpage/locale/no_NO/LC_MESSAGES/modules_thumbpage.mo	13817035207970178957	13817035207970178957	1999	1999
modules/thumbpage/locale/sv_SE/LC_MESSAGES/modules_thumbpage.mo	13817035206895944213	13817035206895944213	2233	2233
modules/thumbpage/locale/tr_TR/LC_MESSAGES/modules_thumbpage.mo	13817035206577183003	13817035206577183003	1978	1978
modules/thumbpage/locale/zh_CN/LC_MESSAGES/modules_thumbpage.mo	13817035204824541877	13817035204824541877	1943	1943
modules/thumbpage/locale/zh_TW/LC_MESSAGES/modules_thumbpage.mo	13817035208009192331	13817035208009192331	1960	1960
modules/thumbpage/module.inc	13817035205791254443	13817035204888494222	7284	7516
modules/thumbpage/po/GNUmakefile	13817035206143922366	13817035207085259185	98	103
modules/thumbpage/po/cs_CZ.po	13817035204911318714	13817035205839419872	2961	3051
modules/thumbpage/po/de_DE.po	13817035207208851617	13817035208248735095	3228	3327
modules/thumbpage/po/fr_FR.po	13817035204997712311	13817035208436079133	2950	3042
modules/thumbpage/po/is_IS.po	13817035206017345511	13817035206885142253	2221	2307
modules/thumbpage/po/nl_NL.po	13817035205247727944	13817035205807163019	2954	3045
modules/thumbpage/po/no_NO.po	13817035204589954785	13817035207046958196	2833	2922
modules/thumbpage/po/strings.raw	13817035205543639021	13817035205302634861	827	847
modules/thumbpage/po/sv_SE.po	13817035208448914616	13817035207126685401	3167	3267
modules/thumbpage/po/tr_TR.po	13817035206470085935	13817035204890619566	3032	3126
modules/thumbpage/po/zh_CN.po	13817035204962289269	13817035205435511383	2772	2859
modules/thumbpage/po/zh_TW.po	13817035208561467595	13817035204467191250	2790	2878
modules/thumbpage/templates/CantActivate.tpl	13817035205366224808	13817035206219865733	854	879
modules/thumbpage/templates/Offset.tpl	13817035205895477537	13817035205041287966	1078	1108
modules/thumbpage/templates/Page.tpl	13817035204536826812	13817035206526619086	923	948
modules/thumbpage/test/phpunit/ThumbOffsetItemEditPluginTest.class	13817035208446205610	13817035206241368723	4920	5061
modules/thumbpage/test/phpunit/ThumbPageItemEditPluginTest.class	13817035207389120611	13817035207852156409	4521	4653
R	modules/thumbpage/templates/ItemEdit.tpl
