# File crc32 crc32(crlf) size size(crlf) viewable
modules/gd/AdminGd.inc	13817035823492632387	13817035824348181027	4241	4386	1
modules/gd/classes/GdFunctionality.class	13817035826249166561	13817035826112150324	15184	15746	1
modules/gd/classes/GdToolkit.class	13817035824252675756	13817035825075273868	20403	21065	1
modules/gd/classes/GdToolkitHelper.class	13817035825635072557	13817035823562149488	13856	14259	1
modules/gd/locale/da_DK/LC_MESSAGES/modules_gd.mo	13817035824409372368	13817035824409372368	3345	3345	0
modules/gd/locale/de_DE/LC_MESSAGES/modules_gd.mo	13817035823407892554	13817035823407892554	3455	3455	0
modules/gd/locale/fr_FR/LC_MESSAGES/modules_gd.mo	13817035824125368982	13817035824125368982	3416	3416	0
modules/gd/locale/nl_NL/LC_MESSAGES/modules_gd.mo	13817035826002450349	13817035826002450349	3846	3846	0
modules/gd/locale/no_NO/LC_MESSAGES/modules_gd.mo	13817035825001879843	13817035825001879843	3992	3992	0
modules/gd/module.inc	13817035825880740039	13817035826010950194	6289	6515	1
modules/gd/po/GNUmakefile	13817035824619212990	13817035825560549809	98	103	0
modules/gd/po/da_DK.po	13817035825061068391	13817035826509721295	4431	4608	0
modules/gd/po/de_DE.po	13817035824009440381	13817035824816266117	4554	4732	0
modules/gd/po/fr_FR.po	13817035825500692532	13817035825220189333	4601	4780	0
modules/gd/po/nl_NL.po	13817035825674582865	13817035823652583391	4664	4841	0
modules/gd/po/no_NO.po	13817035825057123293	13817035824549437932	4680	4843	0
modules/gd/po/strings.raw	13817035825581876772	13817035824001161833	1642	1686	0
modules/gd/templates/AdminGd.tpl	13817035826798366374	13817035823216378516	3168	3287	0
modules/gd/test/phpunit/AdminGdControllerTest.class	13817035824262067702	13817035823132458913	3130	3235	1
modules/gd/test/phpunit/GdFunctionMatrix.inc	13817035824517493287	13817035824139723763	135474	136914	1
modules/gd/test/phpunit/GdToolkitTest.class	13817035826928801970	13817035824949550899	18105	18636	1
modules/gd/test/phpunit/TestGdFunctionality.class	13817035823342984301	13817035826583137024	16279	16767	1
