# File crc32 crc32(crlf) size size(crlf)  or  R File
themes/classic/images/groupinfo.png	13817035207731383650	13817035207731383650	1212	1212
themes/classic/images/icon_path_separator.gif	13817035206649407610	13817035206649407610	106	106
themes/classic/images/key7-16-bw.gif	13817035205112044904	13817035205112044904	977	977
themes/classic/images/nav_first.gif	13817035208494782606	13817035208494782606	89	89
themes/classic/images/nav_last.gif	13817035204277767408	13817035204277767408	92	92
themes/classic/images/nav_next.gif	13817035208436852214	13817035208436852214	133	133
themes/classic/images/nav_prev.gif	13817035204812943105	13817035204812943105	133	133
themes/classic/images/tab_bg.gif	13817035205426881165	13817035205426881165	99	99
themes/classic/images/tab_left.jpg	13817035206586778822	13817035206586778822	504	504
themes/classic/images/tab_left_on.jpg	13817035204446046688	13817035204446046688	518	518
themes/classic/images/tab_right.jpg	13817035205665035963	13817035205665035963	1810	1810
themes/classic/images/tab_right_on.jpg	13817035205431168739	13817035205431168739	1741	1741
themes/classic/images/userinfo.png	13817035207603196804	13817035207603196804	935	935
themes/classic/locale/cs_CZ/LC_MESSAGES/themes_classic.mo	13817035208478066702	13817035208478066702	1611	1611
themes/classic/locale/da_DK/LC_MESSAGES/themes_classic.mo	13817035204750598921	13817035204750598921	1546	1546
themes/classic/locale/de_DE/LC_MESSAGES/themes_classic.mo	13817035205605298828	13817035205605298828	1704	1704
themes/classic/locale/el_GR/LC_MESSAGES/themes_classic.mo	13817035207510187516	13817035207510187516	432	432
themes/classic/locale/en_GB/LC_MESSAGES/themes_classic.mo	13817035206122591672	13817035206122591672	442	442
themes/classic/locale/es_AR/LC_MESSAGES/themes_classic.mo	13817035205609132242	13817035205609132242	445	445
themes/classic/locale/es_MX/LC_MESSAGES/themes_classic.mo	13817035204319432956	13817035204319432956	661	661
themes/classic/locale/fi_FI/LC_MESSAGES/themes_classic.mo	13817035205177397644	13817035205177397644	532	532
themes/classic/locale/fr_FR/LC_MESSAGES/themes_classic.mo	13817035205001351648	13817035205001351648	1698	1698
themes/classic/locale/ga_IE/LC_MESSAGES/themes_classic.mo	13817035207533262493	13817035207533262493	867	867
themes/classic/locale/he_IL/LC_MESSAGES/themes_classic.mo	13817035206887739249	13817035206887739249	701	701
themes/classic/locale/hu_HU/LC_MESSAGES/themes_classic.mo	13817035204405092162	13817035204405092162	674	674
themes/classic/locale/is_IS/LC_MESSAGES/themes_classic.mo	13817035208194079069	13817035208194079069	463	463
themes/classic/locale/it_IT/LC_MESSAGES/themes_classic.mo	13817035205201656280	13817035205201656280	1666	1666
themes/classic/locale/ja_JP/LC_MESSAGES/themes_classic.mo	13817035208106893902	13817035208106893902	554	554
themes/classic/locale/nl_NL/LC_MESSAGES/themes_classic.mo	13817035206695680458	13817035206695680458	1497	1497
themes/classic/locale/no_NO/LC_MESSAGES/themes_classic.mo	13817035205425333410	13817035205425333410	732	732
themes/classic/locale/pl_PL/LC_MESSAGES/themes_classic.mo	13817035208439708667	13817035208439708667	580	580
themes/classic/locale/pt_BR/LC_MESSAGES/themes_classic.mo	13817035204632193815	13817035204632193815	698	698
themes/classic/locale/pt_PT/LC_MESSAGES/themes_classic.mo	13817035206388758147	13817035206388758147	545	545
themes/classic/locale/ru_RU/LC_MESSAGES/themes_classic.mo	13817035206674277185	13817035206674277185	822	822
themes/classic/locale/sv_SE/LC_MESSAGES/themes_classic.mo	13817035207187351350	13817035207187351350	825	825
themes/classic/locale/tr_TR/LC_MESSAGES/themes_classic.mo	13817035206815901473	13817035206815901473	1558	1558
themes/classic/locale/vi_VN/LC_MESSAGES/themes_classic.mo	13817035206689552434	13817035206689552434	1689	1689
themes/classic/locale/zh_CN/LC_MESSAGES/themes_classic.mo	13817035208285985052	13817035208285985052	715	715
themes/classic/locale/zh_TW/LC_MESSAGES/themes_classic.mo	13817035206140586825	13817035206140586825	1545	1545
themes/classic/po/GNUmakefile	13817035206143922366	13817035207085259185	98	103
themes/classic/po/cs_CZ.po	13817035204329710579	13817035204732309033	2474	2556
themes/classic/po/da_DK.po	13817035207439906859	13817035206196711880	2407	2489
themes/classic/po/de_DE.po	13817035204946480197	13817035206138265052	2802	2895
themes/classic/po/el_GR.po	13817035208099005016	13817035207856786010	2187	2270
themes/classic/po/en_GB.po	13817035205180073880	13817035207491237085	2097	2179
themes/classic/po/es_AR.po	13817035207272998960	13817035207022175746	2112	2195
themes/classic/po/es_MX.po	13817035205309530449	13817035207534599003	2294	2380
themes/classic/po/fi_FI.po	13817035207840393398	13817035207469393564	2179	2265
themes/classic/po/fr_FR.po	13817035206643579702	13817035206651381077	2562	2645
themes/classic/po/ga_IE.po	13817035206382599080	13817035205439607854	2937	3040
themes/classic/po/he_IL.po	13817035204600594217	13817035207005341393	2178	2260
themes/classic/po/hu_HU.po	13817035205300450893	13817035207072159405	2149	2231
themes/classic/po/is_IS.po	13817035206025964725	13817035205660875305	2043	2125
themes/classic/po/it_IT.po	13817035205216024601	13817035204358737330	2536	2621
themes/classic/po/ja_JP.po	13817035205091232624	13817035207279226344	2166	2248
themes/classic/po/nl_NL.po	13817035207368554070	13817035204783949015	2474	2558
themes/classic/po/no_NO.po	13817035208051113210	13817035208334922903	2221	2304
themes/classic/po/pl_PL.po	13817035206593626692	13817035208239172570	2153	2236
themes/classic/po/pt_BR.po	13817035204876419823	13817035207269665889	2169	2251
themes/classic/po/pt_PT.po	13817035206971475793	13817035205410135203	2113	2195
themes/classic/po/ru_RU.po	13817035207315959753	13817035207427841489	2351	2434
themes/classic/po/strings.raw	13817035205747580973	13817035206779468724	605	623
themes/classic/po/sv_SE.po	13817035207192888599	13817035205536618369	2564	2655
themes/classic/po/tr_TR.po	13817035207740779370	13817035207552882592	2421	2504
themes/classic/po/vi_VN.po	13817035206722090370	13817035207938339216	2544	2624
themes/classic/po/zh_CN.po	13817035204563218585	13817035207251420282	2173	2256
themes/classic/po/zh_TW.po	13817035206208718758	13817035208030688306	2405	2487
themes/classic/templates/admin.tpl	13817035208565866531	13817035204601882363	357	364
themes/classic/templates/album.tpl	13817035204966077191	13817035207180815365	7033	7229
themes/classic/templates/error.tpl	13817035206021265955	13817035208214728466	1001	1030
themes/classic/templates/module.tpl	13817035208007625725	13817035205245913147	606	625
themes/classic/templates/photo.tpl	13817035204788607225	13817035207025486843	3718	3822
themes/classic/templates/progressbar.tpl	13817035206192203128	13817035208497845642	2712	2798
themes/classic/templates/sidebar.tpl	13817035208085183274	13817035207728169428	564	577
themes/classic/templates/theme.tpl	13817035207416798563	13817035206156902559	2705	2784
themes/classic/theme.css	13817035207141623535	13817035208256497979	13405	14061
themes/classic/theme.inc	13817035205061481675	13817035206753373203	9199	9486
