# File crc32 crc32(crlf) size size(crlf)  or  R File
modules/dcraw/AdminDcraw.inc	13817035204478232065	13817035208078202335	5843	6053
modules/dcraw/classes/DcrawToolkit.class	13817035206344815906	13817035205407271256	4953	5105
modules/dcraw/classes/DcrawToolkitHelper.class	13817035205855850490	13817035206617279845	3760	3876
modules/dcraw/locale/cs_CZ/LC_MESSAGES/modules_dcraw.mo	13817035207811486617	13817035207811486617	3629	3629
modules/dcraw/locale/da_DK/LC_MESSAGES/modules_dcraw.mo	13817035205697325123	13817035205697325123	3239	3239
modules/dcraw/locale/de_DE/LC_MESSAGES/modules_dcraw.mo	13817035205859221847	13817035205859221847	3800	3800
modules/dcraw/locale/fr_FR/LC_MESSAGES/modules_dcraw.mo	13817035208063147458	13817035208063147458	3758	3758
modules/dcraw/locale/it_IT/LC_MESSAGES/modules_dcraw.mo	13817035208245404878	13817035208245404878	3671	3671
modules/dcraw/locale/nl_NL/LC_MESSAGES/modules_dcraw.mo	13817035206871719997	13817035206871719997	3603	3603
modules/dcraw/locale/tr_TR/LC_MESSAGES/modules_dcraw.mo	13817035205183033472	13817035205183033472	981	981
modules/dcraw/locale/vi_VN/LC_MESSAGES/modules_dcraw.mo	13817035204363659152	13817035204363659152	3922	3922
modules/dcraw/locale/zh_TW/LC_MESSAGES/modules_dcraw.mo	13817035207305656729	13817035207305656729	3441	3441
modules/dcraw/module.inc	13817035205257467647	13817035207378601885	7920	8192
modules/dcraw/po/GNUmakefile	13817035206143922366	13817035207085259185	98	103
modules/dcraw/po/cs_CZ.po	13817035206344992943	13817035205848759758	4593	4737
modules/dcraw/po/da_DK.po	13817035204959682210	13817035205153374879	4401	4545
modules/dcraw/po/de_DE.po	13817035208479277911	13817035205261765625	4840	4986
modules/dcraw/po/fr_FR.po	13817035204588381877	13817035208360505957	4642	4783
modules/dcraw/po/it_IT.po	13817035207111082451	13817035205129917878	4572	4695
modules/dcraw/po/nl_NL.po	13817035204637203451	13817035204285788347	4675	4820
modules/dcraw/po/strings.raw	13817035207276102281	13817035207072482984	1581	1611
modules/dcraw/po/tr_TR.po	13817035207317667194	13817035206476772224	3414	3546
modules/dcraw/po/vi_VN.po	13817035208374049599	13817035205439231890	4837	4974
modules/dcraw/po/zh_TW.po	13817035204737815246	13817035204303181849	4358	4493
modules/dcraw/templates/AdminDcraw.tpl	13817035208283856644	13817035205137894894	4400	4533
modules/dcraw/test/phpunit/AdminDcrawControllerTest.class	13817035208424365977	13817035206878924116	6358	6550
modules/dcraw/test/phpunit/DcrawToolkitHelperTest.class	13817035205044726078	13817035208022159850	5192	5336
modules/dcraw/test/phpunit/DcrawToolkitTest.class	13817035205654106269	13817035206264789804	7764	7971
