# File crc32 crc32(crlf) size size(crlf)  or  R File
themes/slider/images/fit.png	13817035206765626942	13817035206765626942	348	348
themes/slider/images/full.png	13817035206022985979	13817035206022985979	367	367
themes/slider/images/fwd.png	13817035204662436709	13817035204662436709	298	298
themes/slider/images/next-off.png	13817035206571293342	13817035206571293342	295	295
themes/slider/images/next.png	13817035204342672995	13817035204342672995	303	303
themes/slider/images/poz.png	13817035208344197068	13817035208344197068	258	258
themes/slider/images/prev-off.png	13817035205129923403	13817035205129923403	302	302
themes/slider/images/prev.png	13817035204839195496	13817035204839195496	311	311
themes/slider/images/rand.png	13817035207331286319	13817035207331286319	331	331
themes/slider/images/rev.png	13817035207582637686	13817035207582637686	297	297
themes/slider/images/tool.png	13817035205270830635	13817035205270830635	312	312
themes/slider/locale/cs_CZ/LC_MESSAGES/themes_slider.mo	13817035204661207484	13817035204661207484	2144	2144
themes/slider/locale/da_DK/LC_MESSAGES/themes_slider.mo	13817035206006382195	13817035206006382195	2062	2062
themes/slider/locale/de_DE/LC_MESSAGES/themes_slider.mo	13817035204749441117	13817035204749441117	2226	2226
themes/slider/locale/fr_FR/LC_MESSAGES/themes_slider.mo	13817035205143539910	13817035205143539910	2162	2162
themes/slider/locale/is_IS/LC_MESSAGES/themes_slider.mo	13817035207042713374	13817035207042713374	421	421
themes/slider/locale/it_IT/LC_MESSAGES/themes_slider.mo	13817035205431893289	13817035205431893289	2240	2240
themes/slider/locale/nl_NL/LC_MESSAGES/themes_slider.mo	13817035206531713027	13817035206531713027	2095	2095
themes/slider/locale/no_NO/LC_MESSAGES/themes_slider.mo	13817035207814331750	13817035207814331750	1387	1387
themes/slider/locale/ru_RU/LC_MESSAGES/themes_slider.mo	13817035208428809596	13817035208428809596	1782	1782
themes/slider/locale/sv_SE/LC_MESSAGES/themes_slider.mo	13817035206843923660	13817035206843923660	2037	2037
themes/slider/locale/tr_TR/LC_MESSAGES/themes_slider.mo	13817035205754967249	13817035205754967249	2156	2156
themes/slider/locale/vi_VN/LC_MESSAGES/themes_slider.mo	13817035204431129711	13817035204431129711	2221	2221
themes/slider/locale/zh_CN/LC_MESSAGES/themes_slider.mo	13817035204975247980	13817035204975247980	1400	1400
themes/slider/locale/zh_TW/LC_MESSAGES/themes_slider.mo	13817035208520820479	13817035208520820479	2068	2068
themes/slider/po/GNUmakefile	13817035206143922366	13817035207085259185	98	103
themes/slider/po/cs_CZ.po	13817035207850951282	13817035206118295293	2908	3038
themes/slider/po/da_DK.po	13817035208031324002	13817035208443976480	2972	3106
themes/slider/po/de_DE.po	13817035205305686848	13817035207475278578	3187	3327
themes/slider/po/fr_FR.po	13817035208318843910	13817035206349972236	2927	3058
themes/slider/po/is_IS.po	13817035207860240321	13817035207793959771	2376	2505
themes/slider/po/it_IT.po	13817035206754144008	13817035206684635266	3012	3145
themes/slider/po/nl_NL.po	13817035207387018699	13817035207916253672	2977	3109
themes/slider/po/no_NO.po	13817035207627386614	13817035207444414961	2679	2810
themes/slider/po/ru_RU.po	13817035206291931422	13817035207677637905	3101	3236
themes/slider/po/strings.raw	13817035205844000478	13817035207884412222	884	919
themes/slider/po/sv_SE.po	13817035206219441473	13817035208437154052	3159	3297
themes/slider/po/tr_TR.po	13817035205952388379	13817035208121373774	3112	3249
themes/slider/po/vi_VN.po	13817035204440944979	13817035204614637302	2975	3103
themes/slider/po/zh_CN.po	13817035207662314653	13817035206409596362	2690	2822
themes/slider/po/zh_TW.po	13817035207693368113	13817035207620885311	2826	2955
themes/slider/slider.js	13817035206275989341	13817035208411873991	14481	14888
themes/slider/templates/error.tpl	13817035206021265955	13817035208214728466	1001	1030
themes/slider/templates/header.tpl	13817035208444228780	13817035205614724129	766	784
themes/slider/templates/progressbar.tpl	13817035206192203128	13817035208497845642	2712	2798
themes/slider/templates/render.tpl	13817035205971198562	13817035205170901784	626	639
themes/slider/templates/sidebar.tpl	13817035208313113704	13817035205865898190	3296	3391
themes/slider/templates/slider.tpl	13817035207097559840	13817035208282678194	4020	4105
themes/slider/templates/theme.tpl	13817035206731281007	13817035205332264837	2857	2941
themes/slider/theme.css	13817035206982747415	13817035205166433571	12704	13339
themes/slider/theme.inc	13817035206219197436	13817035206300930255	8904	9179
