# File crc32 crc32(crlf) size size(crlf)  or  R File
modules/sizelimit/SetSizeOption.inc	13817035206315927980	13817035204465684322	3900	4015
modules/sizelimit/SizeLimitOption.inc	13817035208428626665	13817035204627759478	11195	11521
modules/sizelimit/classes/SizeLimitHelper.class	13817035204744253046	13817035207368553089	5637	5822
modules/sizelimit/locale/cs_CZ/LC_MESSAGES/modules_sizelimit.mo	13817035207101428683	13817035207101428683	1868	1868
modules/sizelimit/locale/da_DK/LC_MESSAGES/modules_sizelimit.mo	13817035207259327294	13817035207259327294	1796	1796
modules/sizelimit/locale/de_DE/LC_MESSAGES/modules_sizelimit.mo	13817035206917239516	13817035206917239516	1898	1898
modules/sizelimit/locale/fr_FR/LC_MESSAGES/modules_sizelimit.mo	13817035208173689599	13817035208173689599	1803	1803
modules/sizelimit/locale/hu_HU/LC_MESSAGES/modules_sizelimit.mo	13817035205914446191	13817035205914446191	1261	1261
modules/sizelimit/locale/is_IS/LC_MESSAGES/modules_sizelimit.mo	13817035207921092398	13817035207921092398	419	419
modules/sizelimit/locale/nl_NL/LC_MESSAGES/modules_sizelimit.mo	13817035205339437519	13817035205339437519	1784	1784
modules/sizelimit/locale/no_NO/LC_MESSAGES/modules_sizelimit.mo	13817035207629404603	13817035207629404603	1449	1449
modules/sizelimit/locale/sv_SE/LC_MESSAGES/modules_sizelimit.mo	13817035205492231051	13817035205492231051	1909	1909
modules/sizelimit/locale/tr_TR/LC_MESSAGES/modules_sizelimit.mo	13817035208184151525	13817035208184151525	1167	1167
modules/sizelimit/locale/zh_CN/LC_MESSAGES/modules_sizelimit.mo	13817035205248589878	13817035205248589878	1297	1297
modules/sizelimit/locale/zh_TW/LC_MESSAGES/modules_sizelimit.mo	13817035205411226120	13817035205411226120	1678	1678
modules/sizelimit/module.inc	13817035204329906949	13817035204590708843	3829	3952
modules/sizelimit/po/GNUmakefile	13817035206143922366	13817035207085259185	98	103
modules/sizelimit/po/cs_CZ.po	13817035206792006240	13817035208194591953	2734	2819
modules/sizelimit/po/da_DK.po	13817035206638454503	13817035206983677543	2760	2843
modules/sizelimit/po/de_DE.po	13817035205989053709	13817035206384119648	2942	3030
modules/sizelimit/po/fr_FR.po	13817035206654624778	13817035207469960242	2656	2736
modules/sizelimit/po/hu_HU.po	13817035207823880375	13817035204501381515	2422	2502
modules/sizelimit/po/is_IS.po	13817035208083207598	13817035205813336808	2068	2147
modules/sizelimit/po/nl_NL.po	13817035207933141870	13817035205768805108	2735	2819
modules/sizelimit/po/no_NO.po	13817035205265796504	13817035207345016677	2584	2666
modules/sizelimit/po/strings.raw	13817035208464010557	13817035204492314371	692	709
modules/sizelimit/po/sv_SE.po	13817035204475248919	13817035207124846751	2916	3003
modules/sizelimit/po/tr_TR.po	13817035206847463386	13817035207539772023	2513	2598
modules/sizelimit/po/zh_CN.po	13817035207489060744	13817035205175023097	2419	2500
modules/sizelimit/po/zh_TW.po	13817035206479850336	13817035207110931817	2532	2613
modules/sizelimit/templates/SizeLimitOption.tpl	13817035204653720312	13817035206109492725	4321	4418
modules/sizelimit/test/phpunit/EventHandlerTest.class	13817035206840259906	13817035207384571433	2781	2860
modules/sizelimit/test/phpunit/SetSizeOptionTest.class	13817035205423091981	13817035206950227680	31881	32722
modules/sizelimit/test/phpunit/SizeLimitHelperTest.class	13817035208244096070	13817035207553457674	9537	9817
modules/sizelimit/test/phpunit/SizeLimitOptionTest.class	13817035205595687772	13817035206323398766	13057	13423
R	modules/sizelimit/test/phpunit/AddPhotoOptionTest.class
