# $Revision$
# File crc32 crc32(crlf) size size(crlf)  or  R File
modules/jpegtran/AdminJpegtran.inc	655046726	3501491754	6553	6789
modules/jpegtran/classes/JpegtranToolkit.class	1203860662	466819435	5785	5969
modules/jpegtran/classes/JpegtranToolkitHelper.class	2960717120	35252816	6608	6795
modules/jpegtran/data/test.jpg	3585624450	3585624450	763	763
modules/jpegtran/module.inc	3932792784	1572844550	7416	7680
modules/jpegtran/po/GNUmakefile	1866879166	2808215985	98	103
modules/jpegtran/po/af.mo	3674455127	3674455127	1569	1569
modules/jpegtran/po/af.po	281048204	2085788968	3940	4093
modules/jpegtran/po/ar.mo	1824640731	1824640731	708	708
modules/jpegtran/po/ar.po	1181490776	1748950297	3636	3787
modules/jpegtran/po/bg.mo	3723341623	3723341623	1232	1232
modules/jpegtran/po/bg.po	2153047795	2545378017	4051	4208
modules/jpegtran/po/ca.mo	3204363792	3204363792	1587	1587
modules/jpegtran/po/ca.po	446307057	2876199961	4047	4201
modules/jpegtran/po/cs.mo	1615771930	1615771930	1615	1615
modules/jpegtran/po/cs.po	2447647457	1348660118	3973	4126
modules/jpegtran/po/da.mo	812451499	812451499	4187	4187
modules/jpegtran/po/da.po	1949125243	2084256413	5258	5423
modules/jpegtran/po/de.mo	775840094	775840094	1692	1692
modules/jpegtran/po/de.po	4269217288	2878305027	4365	4527
modules/jpegtran/po/el.mo	359523368	359523368	1992	1992
modules/jpegtran/po/el.po	3863752057	2798028363	4346	4500
modules/jpegtran/po/en_GB.mo	4152293376	4152293376	637	637
modules/jpegtran/po/en_GB.po	927811074	180402170	4968	5127
modules/jpegtran/po/es.mo	2198398095	2198398095	1586	1586
modules/jpegtran/po/es.po	881432438	2973088588	4046	4200
modules/jpegtran/po/es_AR.mo	3471887047	3471887047	744	744
modules/jpegtran/po/es_AR.po	3332154233	2065091417	3848	4002
modules/jpegtran/po/es_MX.mo	3930930654	3930930654	656	656
modules/jpegtran/po/es_MX.po	3310553419	3148017403	3971	4127
modules/jpegtran/po/et.mo	2022402314	2022402314	1185	1185
modules/jpegtran/po/et.po	3830250482	1583742670	3745	3895
modules/jpegtran/po/eu.mo	153514021	153514021	1566	1566
modules/jpegtran/po/eu.po	192176147	500730981	3955	4108
modules/jpegtran/po/fi.mo	609896698	609896698	1575	1575
modules/jpegtran/po/fi.po	1393082826	1768550527	4058	4214
modules/jpegtran/po/fr.mo	1105584720	1105584720	4445	4445
modules/jpegtran/po/fr.po	3082906255	319513883	5377	5540
modules/jpegtran/po/ga.mo	2570715162	2570715162	1060	1060
modules/jpegtran/po/ga.po	2522640199	1738867584	4596	4776
modules/jpegtran/po/he.mo	651461800	651461800	1438	1438
modules/jpegtran/po/he.po	207745496	1589654535	3944	4097
modules/jpegtran/po/hu.mo	889582362	889582362	1299	1299
modules/jpegtran/po/hu.po	515267996	267775319	3968	4122
modules/jpegtran/po/it.mo	1358164038	1358164038	1588	1588
modules/jpegtran/po/it.po	557719345	1645827656	3986	4140
modules/jpegtran/po/ja.mo	4203029816	4203029816	4801	4801
modules/jpegtran/po/ja.po	473678673	1460667494	5834	5997
modules/jpegtran/po/ko.mo	3422796075	3422796075	1343	1343
modules/jpegtran/po/ko.po	1774147113	1039714984	3858	4012
modules/jpegtran/po/lt.mo	961379685	961379685	1506	1506
modules/jpegtran/po/lt.po	2069142409	279558091	4123	4279
modules/jpegtran/po/lv.mo	262021004	262021004	1715	1715
modules/jpegtran/po/lv.po	1034075037	3657878932	4078	4232
modules/jpegtran/po/nl.mo	3739291217	3739291217	1524	1524
modules/jpegtran/po/nl.po	187635872	1795753621	4081	4236
modules/jpegtran/po/no.mo	2809039688	2809039688	1540	1540
modules/jpegtran/po/no.po	3426374672	2084354913	3998	4151
modules/jpegtran/po/pl.mo	212574968	212574968	4521	4521
modules/jpegtran/po/pl.po	1668006311	3008318401	5470	5635
modules/jpegtran/po/pt.mo	2201448151	2201448151	1158	1158
modules/jpegtran/po/pt.po	4062990694	1419678792	4000	4161
modules/jpegtran/po/pt_BR.mo	1872511057	1872511057	1396	1396
modules/jpegtran/po/pt_BR.po	2178022145	3922776465	3916	4067
modules/jpegtran/po/ro.mo	595046217	595046217	1398	1398
modules/jpegtran/po/ro.po	3223425367	2597666884	3909	4064
modules/jpegtran/po/ru.mo	2889809476	2889809476	2052	2052
modules/jpegtran/po/ru.po	2633477285	491152050	4536	4694
modules/jpegtran/po/sk.mo	1232664785	1232664785	900	900
modules/jpegtran/po/sk.po	2991226401	3824602100	3902	4060
modules/jpegtran/po/sl.mo	3834088562	3834088562	710	710
modules/jpegtran/po/sl.po	2580870186	576609126	3753	3909
modules/jpegtran/po/sr.mo	3454323101	3454323101	1575	1575
modules/jpegtran/po/sr.po	216328974	1618687476	3921	4073
modules/jpegtran/po/strings.raw	337822998	2833112603	1968	2010
modules/jpegtran/po/sv.mo	3926793350	3926793350	1598	1598
modules/jpegtran/po/sv.po	1698228008	3931319311	4288	4450
modules/jpegtran/po/tr.mo	500859176	500859176	1582	1582
modules/jpegtran/po/tr.po	2115962315	1458259596	3930	4082
modules/jpegtran/po/uk.mo	2783448165	2783448165	902	902
modules/jpegtran/po/uk.po	1900289292	4213416979	3958	4113
modules/jpegtran/po/vi.mo	2389101009	2389101009	1571	1571
modules/jpegtran/po/vi.po	2538561882	3563683736	3937	4088
modules/jpegtran/po/zh_CN.mo	234986238	234986238	1475	1475
modules/jpegtran/po/zh_CN.po	4020676927	2814202450	3821	3972
modules/jpegtran/po/zh_TW.mo	176511919	176511919	1451	1451
modules/jpegtran/po/zh_TW.po	3644251064	956761388	3785	3935
modules/jpegtran/templates/AdminJpegtran.tpl	3462662274	3128147136	4636	4768
modules/jpegtran/test/phpunit/AdminJpegtranControllerTest.class	2867868236	3151661504	8281	8560
modules/jpegtran/test/phpunit/JpegtranToolkitTest.class	2842037991	1551445148	13362	13797
