# File crc32 crc32(crlf) size size(crlf) viewable
layouts/hybrid/images/alb.png	13817035823852453441	13817035823852453441	291	291	0
layouts/hybrid/images/down.png	13817035826029286230	13817035826029286230	295	295	0
layouts/hybrid/images/fit.png	13817035825240917566	13817035825240917566	348	348	0
layouts/hybrid/images/full.png	13817035824498276603	13817035824498276603	367	367	0
layouts/hybrid/images/fwd.png	13817035823137727333	13817035823137727333	298	298	0
layouts/hybrid/images/info.png	13817035826511066760	13817035826511066760	360	360	0
layouts/hybrid/images/left.png	13817035825167156363	13817035825167156363	296	296	0
layouts/hybrid/images/menu.png	13817035824703031834	13817035824703031834	350	350	0
layouts/hybrid/images/next-off.png	13817035825046583966	13817035825046583966	295	295	0
layouts/hybrid/images/next.png	13817035822817963619	13817035822817963619	303	303	0
layouts/hybrid/images/poz.png	13817035826819487692	13817035826819487692	258	258	0
layouts/hybrid/images/prev-off.png	13817035823605214027	13817035823605214027	302	302	0
layouts/hybrid/images/prev.png	13817035823314486120	13817035823314486120	311	311	0
layouts/hybrid/images/rand.png	13817035825806576943	13817035825806576943	331	331	0
layouts/hybrid/images/rev.png	13817035826057928310	13817035826057928310	297	297	0
layouts/hybrid/images/right.png	13817035825400876644	13817035825400876644	295	295	0
layouts/hybrid/images/up.png	13817035823912891699	13817035823912891699	293	293	0
layouts/hybrid/layout.inc	13817035826727098737	13817035823594980234	10723	11043	1
layouts/hybrid/locale/cs_CZ/LC_MESSAGES/layouts_hybrid.mo	13817035824855926414	13817035824855926414	1859	1859	0
layouts/hybrid/locale/de_DE/LC_MESSAGES/layouts_hybrid.mo	13817035825093109248	13817035825093109248	1832	1832	0
layouts/hybrid/locale/fr_FR/LC_MESSAGES/layouts_hybrid.mo	13817035823065345581	13817035823065345581	1884	1884	0
layouts/hybrid/locale/no_NO/LC_MESSAGES/layouts_hybrid.mo	13817035824294494234	13817035824294494234	1746	1746	0
layouts/hybrid/po/GNUmakefile	13817035824619212990	13817035825560549809	98	103	0
layouts/hybrid/po/cs_CZ.po	13817035824170806944	13817035826225757856	2693	2807	0
layouts/hybrid/po/de_DE.po	13817035822922686341	13817035823787623280	2654	2770	0
layouts/hybrid/po/fr_FR.po	13817035824471840832	13817035824497933527	2705	2820	0
layouts/hybrid/po/no_NO.po	13817035823424003848	13817035825940009463	2564	2679	0
layouts/hybrid/po/strings.raw	13817035824799743640	13817035826691204531	650	676	0
layouts/hybrid/templates/detail.tpl	13817035824475226850	13817035823777079142	1386	1420	0
layouts/hybrid/templates/header.tpl	13817035822955526514	13817035825229439732	1016	1039	0
layouts/hybrid/templates/hybrid.css	13817035826456706711	13817035826506482172	4568	4812	0
layouts/hybrid/templates/hybrid.js	13817035825163850170	13817035823336232413	18388	18861	0
layouts/hybrid/templates/hybrid.tpl	13817035825797416793	13817035824868416908	10125	10316	0
layouts/hybrid/templates/render.tpl	13817035823672290581	13817035823503748851	640	655	0
