# File crc32 crc32(crlf) size size(crlf)  or  R File
themes/siriux/images/background-content.png	13817035206800056122	13817035206800056122	163	163
themes/siriux/images/background-footer.png	13817035206546299613	13817035206546299613	277	277
themes/siriux/images/background-header.png	13817035208487576753	13817035208487576753	276	276
themes/siriux/images/background.png	13817035206885678446	13817035206885678446	144	144
themes/siriux/images/groupinfo.png	13817035207731383650	13817035207731383650	1212	1212
themes/siriux/images/key7-16-bw.gif	13817035205112044904	13817035205112044904	977	977
themes/siriux/images/userinfo.png	13817035207603196804	13817035207603196804	935	935
themes/siriux/locale/cs_CZ/LC_MESSAGES/themes_siriux.mo	13817035204287353464	13817035204287353464	1330	1330
themes/siriux/locale/da_DK/LC_MESSAGES/themes_siriux.mo	13817035206566732244	13817035206566732244	742	742
themes/siriux/locale/de_DE/LC_MESSAGES/themes_siriux.mo	13817035204742819989	13817035204742819989	1373	1373
themes/siriux/locale/el_GR/LC_MESSAGES/themes_siriux.mo	13817035205251188226	13817035205251188226	431	431
themes/siriux/locale/en_GB/LC_MESSAGES/themes_siriux.mo	13817035204569696032	13817035204569696032	441	441
themes/siriux/locale/es_AR/LC_MESSAGES/themes_siriux.mo	13817035205708048407	13817035205708048407	444	444
themes/siriux/locale/es_MX/LC_MESSAGES/themes_siriux.mo	13817035205306963101	13817035205306963101	624	624
themes/siriux/locale/fi_FI/LC_MESSAGES/themes_siriux.mo	13817035207955893407	13817035207955893407	494	494
themes/siriux/locale/fr_FR/LC_MESSAGES/themes_siriux.mo	13817035206899629000	13817035206899629000	1126	1126
themes/siriux/locale/ga_IE/LC_MESSAGES/themes_siriux.mo	13817035207221580644	13817035207221580644	822	822
themes/siriux/locale/he_IL/LC_MESSAGES/themes_siriux.mo	13817035206213004674	13817035206213004674	651	651
themes/siriux/locale/hu_HU/LC_MESSAGES/themes_siriux.mo	13817035204806159416	13817035204806159416	629	629
themes/siriux/locale/is_IS/LC_MESSAGES/themes_siriux.mo	13817035208040326822	13817035208040326822	462	462
themes/siriux/locale/it_IT/LC_MESSAGES/themes_siriux.mo	13817035206865210135	13817035206865210135	1377	1377
themes/siriux/locale/ja_JP/LC_MESSAGES/themes_siriux.mo	13817035205207806143	13817035205207806143	510	510
themes/siriux/locale/nl_NL/LC_MESSAGES/themes_siriux.mo	13817035206443425942	13817035206443425942	1085	1085
themes/siriux/locale/no_NO/LC_MESSAGES/themes_siriux.mo	13817035206049927679	13817035206049927679	687	687
themes/siriux/locale/pl_PL/LC_MESSAGES/themes_siriux.mo	13817035206532489994	13817035206532489994	543	543
themes/siriux/locale/pt_BR/LC_MESSAGES/themes_siriux.mo	13817035208497920387	13817035208497920387	652	652
themes/siriux/locale/pt_PT/LC_MESSAGES/themes_siriux.mo	13817035204842489328	13817035204842489328	508	508
themes/siriux/locale/ru_RU/LC_MESSAGES/themes_siriux.mo	13817035205916376907	13817035205916376907	770	770
themes/siriux/locale/sv_SE/LC_MESSAGES/themes_siriux.mo	13817035204433083669	13817035204433083669	780	780
themes/siriux/locale/tr_TR/LC_MESSAGES/themes_siriux.mo	13817035206668440519	13817035206668440519	1036	1036
themes/siriux/locale/vi_VN/LC_MESSAGES/themes_siriux.mo	13817035206128937277	13817035206128937277	1122	1122
themes/siriux/locale/zh_CN/LC_MESSAGES/themes_siriux.mo	13817035205214259126	13817035205214259126	669	669
themes/siriux/locale/zh_TW/LC_MESSAGES/themes_siriux.mo	13817035204748376609	13817035204748376609	1270	1270
themes/siriux/po/GNUmakefile	13817035206143922366	13817035207085259185	98	103
themes/siriux/po/cs_CZ.po	13817035205016156781	13817035205357232519	2367	2453
themes/siriux/po/da_DK.po	13817035207142208813	13817035206674516154	2174	2260
themes/siriux/po/de_DE.po	13817035205522915786	13817035207350834207	2477	2563
themes/siriux/po/el_GR.po	13817035204562671894	13817035205493036190	2048	2126
themes/siriux/po/en_GB.po	13817035205624922136	13817035206355110075	1958	2035
themes/siriux/po/es_AR.po	13817035204946515287	13817035208059904564	1973	2051
themes/siriux/po/es_MX.po	13817035205840940658	13817035205763699032	2247	2334
themes/siriux/po/fi_FI.po	13817035205158772623	13817035205144844176	2075	2159
themes/siriux/po/fr_FR.po	13817035204427471522	13817035205913993975	2134	2211
themes/siriux/po/ga_IE.po	13817035204719531233	13817035205348054687	2881	2984
themes/siriux/po/he_IL.po	13817035207234261515	13817035206805455916	2131	2214
themes/siriux/po/hu_HU.po	13817035206074753950	13817035208534727498	2093	2175
themes/siriux/po/is_IS.po	13817035206986888033	13817035205658576049	1904	1981
themes/siriux/po/it_IT.po	13817035207688734716	13817035207705373045	2420	2507
themes/siriux/po/ja_JP.po	13817035204979379318	13817035205437988430	2062	2142
themes/siriux/po/nl_NL.po	13817035205764483459	13817035204455996976	2183	2262
themes/siriux/po/no_NO.po	13817035206389363344	13817035204858233742	2165	2248
themes/siriux/po/pl_PL.po	13817035205533610050	13817035205392774469	2049	2130
themes/siriux/po/pt_BR.po	13817035207585785931	13817035204361458645	2122	2205
themes/siriux/po/pt_PT.po	13817035205883994825	13817035205265160060	2009	2089
themes/siriux/po/ru_RU.po	13817035204382800469	13817035208169194395	2304	2388
themes/siriux/po/strings.raw	13817035206251405650	13817035207363825526	471	487
themes/siriux/po/sv_SE.po	13817035207525905511	13817035205452886427	2508	2599
themes/siriux/po/tr_TR.po	13817035205147001528	13817035205547823804	2087	2164
themes/siriux/po/vi_VN.po	13817035204985871811	13817035207371068179	2125	2201
themes/siriux/po/zh_CN.po	13817035207239973531	13817035204375825562	2117	2200
themes/siriux/po/zh_TW.po	13817035207842335375	13817035207209656968	2134	2210
themes/siriux/templates/admin.tpl	13817035208565866531	13817035204601882363	357	364
themes/siriux/templates/album.tpl	13817035206411250390	13817035207822439966	3214	3322
themes/siriux/templates/error.tpl	13817035206021265955	13817035208214728466	1001	1030
themes/siriux/templates/module.tpl	13817035206718681432	13817035205787028792	390	399
themes/siriux/templates/photo.tpl	13817035204789736636	13817035208275764450	2931	3020
themes/siriux/templates/progressbar.tpl	13817035204938795134	13817035205773436923	2712	2798
themes/siriux/templates/theme.tpl	13817035205089448939	13817035208272469521	2818	2897
themes/siriux/theme.css	13817035205282422613	13817035206848657593	2562	2752
themes/siriux/theme.inc	13817035205803181922	13817035208459806611	6660	6875
R	themes/siriux/templates/sidebar.tpl
