# File crc32 crc32(crlf) size size(crlf) viewable
modules/nokiaupload/Configure.inc	13817035825307343326	13817035823540548465	4355	4498	1
modules/nokiaupload/DirectoryListing.inc	13817035823486629150	13817035825581731102	3338	3449	1
modules/nokiaupload/Login.inc	13817035822960588011	13817035824528691240	3106	3215	1
modules/nokiaupload/NewDirectory.inc	13817035825722547797	13817035826469200537	2928	3031	1
modules/nokiaupload/README	13817035823818714887	13817035826182350527	3576	3645	0
modules/nokiaupload/RemoteStorageCapabilities.inc	13817035826985470696	13817035826172571325	2329	2406	1
modules/nokiaupload/Upload.inc	13817035823748499568	13817035822793518027	2731	2830	1
modules/nokiaupload/classes/ImageUploadHelper.class	13817035824639087526	13817035826887775012	21008	21629	1
modules/nokiaupload/locale/de_DE/LC_MESSAGES/modules_nokiaupload.mo	13817035822853760255	13817035822853760255	1580	1580	0
modules/nokiaupload/locale/fr_FR/LC_MESSAGES/modules_nokiaupload.mo	13817035826553324078	13817035826553324078	2028	2028	0
modules/nokiaupload/locale/nl_NL/LC_MESSAGES/modules_nokiaupload.mo	13817035824507781378	13817035824507781378	3390	3390	0
modules/nokiaupload/locale/no_NO/LC_MESSAGES/modules_nokiaupload.mo	13817035824796613310	13817035824796613310	3326	3326	0
modules/nokiaupload/module.inc	13817035825881490125	13817035825953864231	2548	2630	1
modules/nokiaupload/po/GNUmakefile	13817035824619212990	13817035825560549809	98	103	0
modules/nokiaupload/po/de_DE.po	13817035823553364756	13817035826966473463	3336	3442	0
modules/nokiaupload/po/fr_FR.po	13817035823462954717	13817035825751765126	3536	3649	0
modules/nokiaupload/po/nl_NL.po	13817035825005890073	13817035823627780585	4288	4416	0
modules/nokiaupload/po/no_NO.po	13817035824098272995	13817035824938579087	4072	4178	0
modules/nokiaupload/po/strings.raw	13817035824674537662	13817035823999293100	1391	1416	0
modules/nokiaupload/templates/Configure.tpl	13817035823125542806	13817035826466273270	2870	2959	0
modules/nokiaupload/test/phpunit/NokiaUploadConfigureControllerTest.class	13817035826751404544	13817035826635593362	5562	5714	1
modules/nokiaupload/test/phpunit/NokiaUploadDirectoryListingControllerTest.class	13817035823366100654	13817035824450316962	5879	6038	1
modules/nokiaupload/test/phpunit/NokiaUploadLoginControllerTest.class	13817035825798082312	13817035823563409735	6143	6303	1
modules/nokiaupload/test/phpunit/NokiaUploadNewDirectoryControllerTest.class	13817035824586167670	13817035825485710963	6948	7127	1
modules/nokiaupload/test/phpunit/NokiaUploadUploadControllerTest.class	13817035824803841331	13817035824337118890	8096	8307	1
