# File crc32 crc32(crlf) size size(crlf) viewable
modules/panorama/Panorama.inc	13817035823930628605	13817035826891106790	2717	2798	1
modules/panorama/PanoramaOption.inc	13817035824145890828	13817035822839216370	3656	3758	1
modules/panorama/PanoramaSiteAdmin.inc	13817035824406940904	13817035826003302445	3817	3939	1
modules/panorama/classes/GNUmakefile	13817035823040072873	13817035823584780769	234	242	0
modules/panorama/classes/PanoramaDerivativeImage.class	13817035826522376006	13817035824991301531	3020	3109	1
modules/panorama/classes/PanoramaHelper.class	13817035826531215035	13817035823295126835	5702	5909	1
modules/panorama/classes/PanoramaPhotoItem.class	13817035826107583477	13817035825309276504	2956	3045	1
modules/panorama/classes/interfaces/GNUmakefile	13817035825874709559	13817035823153147329	175	180	0
modules/panorama/classes/interfaces/PanoramaDerivativeImage.inc	13817035823291998109	13817035822792976100	2245	2311	1
modules/panorama/classes/interfaces/PanoramaPhotoItem.inc	13817035825395978545	13817035825245208333	2209	2275	1
modules/panorama/images/slider.png	13817035825529839480	13817035825529839480	320	320	0
modules/panorama/java/Metamorphose.jar	13817035822832956821	13817035822832956821	9389	9389	0
modules/panorama/locale/de_DE/LC_MESSAGES/modules_panorama.mo	13817035823146696649	13817035823146696649	1416	1416	0
modules/panorama/locale/fr_FR/LC_MESSAGES/modules_panorama.mo	13817035825191224572	13817035825191224572	2049	2049	0
modules/panorama/locale/nl_NL/LC_MESSAGES/modules_panorama.mo	13817035823844212969	13817035823844212969	3242	3242	0
modules/panorama/locale/no_NO/LC_MESSAGES/modules_panorama.mo	13817035825451490375	13817035825451490375	3102	3102	0
modules/panorama/module.inc	13817035825471099778	13817035826416984007	6060	6249	1
modules/panorama/po/GNUmakefile	13817035824619212990	13817035825560549809	98	103	0
modules/panorama/po/de_DE.po	13817035824855795115	13817035825697787069	3185	3285	0
modules/panorama/po/fr_FR.po	13817035824066458581	13817035824702740265	3550	3654	0
modules/panorama/po/nl_NL.po	13817035823702103118	13817035824962877498	4179	4290	0
modules/panorama/po/no_NO.po	13817035826962146306	13817035823630533455	3880	3968	0
modules/panorama/po/strings.raw	13817035825654071254	13817035826216459291	1266	1285	0
modules/panorama/templates/Panorama.tpl	13817035825484004879	13817035824617852832	1124	1148	0
modules/panorama/templates/PanoramaOption.tpl	13817035824185986267	13817035826174447072	771	792	0
modules/panorama/templates/PanoramaSiteAdmin.tpl	13817035823306325127	13817035823851682895	2997	3079	0
modules/panorama/test/phpunit/PanoramaOptionTest.class	13817035823317758231	13817035823506865800	4268	4394	1
modules/panorama/test/phpunit/PanoramaSiteAdminControllerTest.class	13817035825259392594	13817035824523798377	7432	7660	1
