# File crc32 crc32(crlf) size size(crlf)  or  R File
modules/photoaccess/FulfillmentError.inc	13817035206534829127	13817035204425003977	1714	1766
modules/photoaccess/PrintPhoto.inc	13817035205347949553	13817035206469245862	1883	1943
modules/photoaccess/classes/PhotoAccessCartPlugin.class	13817035208287331616	13817035204986540820	2379	2452
modules/photoaccess/classes/PhotoAccessHelper.class	13817035204994845864	13817035208191962310	6784	6985
modules/photoaccess/locale/cs_CZ/LC_MESSAGES/modules_photoaccess.mo	13817035208288498834	13817035208288498834	1361	1361
modules/photoaccess/locale/de_DE/LC_MESSAGES/modules_photoaccess.mo	13817035204322277715	13817035204322277715	1315	1315
modules/photoaccess/locale/fr_FR/LC_MESSAGES/modules_photoaccess.mo	13817035205946831130	13817035205946831130	1265	1265
modules/photoaccess/locale/is_IS/LC_MESSAGES/modules_photoaccess.mo	13817035206814504903	13817035206814504903	420	420
modules/photoaccess/locale/nl_NL/LC_MESSAGES/modules_photoaccess.mo	13817035205532598971	13817035205532598971	1272	1272
modules/photoaccess/locale/no_NO/LC_MESSAGES/modules_photoaccess.mo	13817035204906496661	13817035204906496661	1086	1086
modules/photoaccess/locale/ru_RU/LC_MESSAGES/modules_photoaccess.mo	13817035205858250453	13817035205858250453	1424	1424
modules/photoaccess/locale/sv_SE/LC_MESSAGES/modules_photoaccess.mo	13817035207325518411	13817035207325518411	1263	1263
modules/photoaccess/locale/tr_TR/LC_MESSAGES/modules_photoaccess.mo	13817035207444733906	13817035207444733906	508	508
modules/photoaccess/locale/zh_CN/LC_MESSAGES/modules_photoaccess.mo	13817035204469950386	13817035204469950386	1140	1140
modules/photoaccess/locale/zh_TW/LC_MESSAGES/modules_photoaccess.mo	13817035206791263773	13817035206791263773	1241	1241
modules/photoaccess/module.inc	13817035205198354425	13817035207768465704	2983	3083
modules/photoaccess/po/GNUmakefile	13817035206143922366	13817035207085259185	98	103
modules/photoaccess/po/cs_CZ.po	13817035208207811993	13817035206845228897	2232	2295
modules/photoaccess/po/de_DE.po	13817035207860167872	13817035207254796942	2321	2386
modules/photoaccess/po/fr_FR.po	13817035207085307621	13817035206380831694	2125	2184
modules/photoaccess/po/is_IS.po	13817035207592795159	13817035205540855638	1777	1834
modules/photoaccess/po/nl_NL.po	13817035206345595269	13817035207103770368	2230	2293
modules/photoaccess/po/no_NO.po	13817035208338583755	13817035206848093236	2103	2165
modules/photoaccess/po/ru_RU.po	13817035205997621550	13817035208205608939	2466	2529
modules/photoaccess/po/strings.raw	13817035206738062318	13817035204607576690	477	487
modules/photoaccess/po/sv_SE.po	13817035206111163548	13817035206192950953	2508	2578
modules/photoaccess/po/tr_TR.po	13817035204853813315	13817035206620016669	1998	2062
modules/photoaccess/po/zh_CN.po	13817035207491852940	13817035205674009667	2160	2222
modules/photoaccess/po/zh_TW.po	13817035205939655379	13817035207897690414	2106	2167
modules/photoaccess/templates/FulfillmentError.tpl	13817035206539385105	13817035206864819132	804	824
modules/photoaccess/test/phpunit/PhotoAccessCartPluginTest.class	13817035207218894721	13817035208258185419	10094	10429
modules/photoaccess/test/phpunit/PrintPhotoControllerTest.class	13817035206850442704	13817035206004028308	10142	10477
R	modules/photoaccess/templates/FulfillmentErrorHead.tpl
