# File crc32 crc32(crlf) size size(crlf)  or  R File
modules/slideshow/Slideshow.inc	13817035205212743112	13817035205050855291	8149	8406
modules/slideshow/classes/SlideshowImpl.class	13817035207729411835	13817035204931761618	1578	1628
modules/slideshow/classes/SlideshowInterface_1_0.class	13817035206383052534	13817035208069839928	1630	1679
modules/slideshow/locale/bg_BG/LC_MESSAGES/modules_slideshow.mo	13817035207217296428	13817035207217296428	2775	2775
modules/slideshow/locale/cs_CZ/LC_MESSAGES/modules_slideshow.mo	13817035207748596531	13817035207748596531	2820	2820
modules/slideshow/locale/da_DK/LC_MESSAGES/modules_slideshow.mo	13817035207219003785	13817035207219003785	2676	2676
modules/slideshow/locale/de_DE/LC_MESSAGES/modules_slideshow.mo	13817035208351700736	13817035208351700736	2711	2711
modules/slideshow/locale/fr_FR/LC_MESSAGES/modules_slideshow.mo	13817035207732739668	13817035207732739668	2725	2725
modules/slideshow/locale/hu_HU/LC_MESSAGES/modules_slideshow.mo	13817035208242021629	13817035208242021629	1902	1902
modules/slideshow/locale/is_IS/LC_MESSAGES/modules_slideshow.mo	13817035206462935238	13817035206462935238	418	418
modules/slideshow/locale/ja_JP/LC_MESSAGES/modules_slideshow.mo	13817035208270151300	13817035208270151300	2052	2052
modules/slideshow/locale/nl_NL/LC_MESSAGES/modules_slideshow.mo	13817035205956204016	13817035205956204016	2807	2807
modules/slideshow/locale/no_NO/LC_MESSAGES/modules_slideshow.mo	13817035204810637718	13817035204810637718	2456	2456
modules/slideshow/locale/pl_PL/LC_MESSAGES/modules_slideshow.mo	13817035206070781266	13817035206070781266	2573	2573
modules/slideshow/locale/ru_RU/LC_MESSAGES/modules_slideshow.mo	13817035205705577936	13817035205705577936	2961	2961
modules/slideshow/locale/sv_SE/LC_MESSAGES/modules_slideshow.mo	13817035208400547809	13817035208400547809	2677	2677
modules/slideshow/locale/tr_TR/LC_MESSAGES/modules_slideshow.mo	13817035206009046433	13817035206009046433	1950	1950
modules/slideshow/locale/vi_VN/LC_MESSAGES/modules_slideshow.mo	13817035204437574558	13817035204437574558	2750	2750
modules/slideshow/locale/zh_CN/LC_MESSAGES/modules_slideshow.mo	13817035208506003906	13817035208506003906	2481	2481
modules/slideshow/locale/zh_TW/LC_MESSAGES/modules_slideshow.mo	13817035207226703715	13817035207226703715	2663	2663
modules/slideshow/module.inc	13817035207088643127	13817035207288385850	3309	3422
modules/slideshow/po/GNUmakefile	13817035206143922366	13817035207085259185	98	103
modules/slideshow/po/bg_BG.po	13817035205523093479	13817035205430234844	3683	3878
modules/slideshow/po/cs_CZ.po	13817035207904743004	13817035208241938670	3613	3805
modules/slideshow/po/da_DK.po	13817035205240447184	13817035206601706114	3455	3644
modules/slideshow/po/de_DE.po	13817035207558914209	13817035205115861715	3581	3771
modules/slideshow/po/fr_FR.po	13817035207554563332	13817035206561855112	3446	3630
modules/slideshow/po/hu_HU.po	13817035207217060384	13817035204534691548	3306	3495
modules/slideshow/po/is_IS.po	13817035207930383315	13817035208475464272	2817	3002
modules/slideshow/po/ja_JP.po	13817035207239717296	13817035204688784965	3373	3566
modules/slideshow/po/nl_NL.po	13817035208266378551	13817035207413480682	3683	3874
modules/slideshow/po/no_NO.po	13817035205501816472	13817035205960931196	3394	3583
modules/slideshow/po/pl_PL.po	13817035206074988355	13817035206545691540	3586	3778
modules/slideshow/po/ru_RU.po	13817035205076802730	13817035208057082564	3945	4137
modules/slideshow/po/strings.raw	13817035207607973340	13817035204590096801	1160	1213
modules/slideshow/po/sv_SE.po	13817035205152806559	13817035206194675307	3791	3988
modules/slideshow/po/tr_TR.po	13817035205824484654	13817035207445163466	3423	3618
modules/slideshow/po/vi_VN.po	13817035206896657400	13817035204960186625	3522	3709
modules/slideshow/po/zh_CN.po	13817035206776935008	13817035208533242002	3408	3598
modules/slideshow/po/zh_TW.po	13817035207282595393	13817035208134632476	3390	3576
modules/slideshow/templates/Header.tpl	13817035205916460845	13817035208054809849	3331	3386
modules/slideshow/templates/Slideshow.tpl	13817035205010764615	13817035205717898973	9133	9393
modules/slideshow/test/phpunit/SlideshowTest.class	13817035206693426819	13817035207407595638	23592	24245
