# File crc32 crc32(crlf) size size(crlf) viewable
modules/newitems/NewItemsSiteAdmin.inc	13817035824232820505	13817035826406621255	4493	4627	1
modules/newitems/classes/NewItemsHelper.class	13817035822762306595	13817035822849792183	2977	3080	1
modules/newitems/classes/NewItemsSortOrder.class	13817035826724163674	13817035824954731876	2390	2462	1
modules/newitems/images/new.gif	13817035823285142412	13817035823285142412	403	403	0
modules/newitems/images/updated.gif	13817035823984980079	13817035823984980079	477	477	0
modules/newitems/locale/de_DE/LC_MESSAGES/modules_newitems.mo	13817035824944082206	13817035824944082206	1029	1029	0
modules/newitems/locale/fr_FR/LC_MESSAGES/modules_newitems.mo	13817035825575954932	13817035825575954932	1495	1495	0
modules/newitems/locale/nl_NL/LC_MESSAGES/modules_newitems.mo	13817035823126250043	13817035823126250043	3097	3097	0
modules/newitems/locale/no_NO/LC_MESSAGES/modules_newitems.mo	13817035823196944660	13817035823196944660	2939	2939	0
modules/newitems/module.inc	13817035824829089938	13817035825919446904	5357	5526	1
modules/newitems/po/GNUmakefile	13817035824619212990	13817035825560549809	98	103	0
modules/newitems/po/de_DE.po	13817035826565749299	13817035825030390080	2894	2999	0
modules/newitems/po/fr_FR.po	13817035826021393116	13817035823302907594	3241	3351	0
modules/newitems/po/nl_NL.po	13817035823086990735	13817035824546840591	4085	4210	0
modules/newitems/po/no_NO.po	13817035826499123628	13817035823885800404	3825	3944	0
modules/newitems/po/strings.raw	13817035822831996672	13817035826390841937	1153	1173	0
modules/newitems/templates/NewItemsSiteAdmin.tpl	13817035826287308416	13817035824143364063	3140	3238	0
modules/newitems/test/phpunit/NewItemsSiteAdminControllerTest.class	13817035824790693326	13817035825320510768	8149	8393	1
