# File crc32 crc32(crlf) size size(crlf) viewable
modules/uploadapplet/ItemAddUploadApplet.inc	13817035825847855393	13817035824831475585	3091	3179	1
modules/uploadapplet/applets/GalleryRemoteApplet.jar	13817035824857532383	13817035824857532383	179192	179192	0
modules/uploadapplet/applets/GalleryRemoteAppletMini.jar	13817035826727722237	13817035826727722237	230160	230160	0
modules/uploadapplet/applets/GalleryRemoteHTTPClient.jar	13817035824166230705	13817035824166230705	215342	215342	0
modules/uploadapplet/applets/applet_img.jar	13817035823260999894	13817035823260999894	9906	9906	0
modules/uploadapplet/locale/de_DE/LC_MESSAGES/modules_uploadapplet.mo	13817035823650653420	13817035823650653420	1181	1181	0
modules/uploadapplet/locale/fr_FR/LC_MESSAGES/modules_uploadapplet.mo	13817035824095855062	13817035824095855062	1258	1258	0
modules/uploadapplet/locale/nl_NL/LC_MESSAGES/modules_uploadapplet.mo	13817035823480715390	13817035823480715390	1232	1232	0
modules/uploadapplet/locale/no_NO/LC_MESSAGES/modules_uploadapplet.mo	13817035825593437277	13817035825593437277	1293	1293	0
modules/uploadapplet/module.inc	13817035823362695151	13817035826789606294	2241	2312	1
modules/uploadapplet/po/GNUmakefile	13817035824619212990	13817035825560549809	98	103	0
modules/uploadapplet/po/de_DE.po	13817035824438776268	13817035823112510320	1977	2025	0
modules/uploadapplet/po/fr_FR.po	13817035825809555943	13817035823701809976	2087	2142	0
modules/uploadapplet/po/nl_NL.po	13817035823068040264	13817035825550718375	2159	2217	0
modules/uploadapplet/po/no_NO.po	13817035822923819324	13817035823201207506	2137	2195	0
modules/uploadapplet/po/strings.raw	13817035825803516643	13817035826549047777	378	384	0
modules/uploadapplet/templates/ItemAddUploadApplet.tpl	13817035823335260224	13817035823733205690	3723	3791	0
