# File crc32 crc32(crlf) size size(crlf) viewable
layouts/matrix/layout.css.php	13817035824218775237	13817035825669837643	1302	1334	1
layouts/matrix/layout.inc	13817035825039581766	13817035824373059650	16464	16967	1
layouts/matrix/locale/cs_CZ/LC_MESSAGES/layouts_matrix.mo	13817035825263348584	13817035825263348584	2233	2233	0
layouts/matrix/locale/da_DK/LC_MESSAGES/layouts_matrix.mo	13817035823799668063	13817035823799668063	2197	2197	0
layouts/matrix/locale/de_DE/LC_MESSAGES/layouts_matrix.mo	13817035823672931548	13817035823672931548	2407	2407	0
layouts/matrix/locale/el_GR/LC_MESSAGES/layouts_matrix.mo	13817035826334406684	13817035826334406684	433	433	0
layouts/matrix/locale/en_GB/LC_MESSAGES/layouts_matrix.mo	13817035823890674735	13817035823890674735	443	443	0
layouts/matrix/locale/es_AR/LC_MESSAGES/layouts_matrix.mo	13817035826421797043	13817035826421797043	446	446	0
layouts/matrix/locale/es_MX/LC_MESSAGES/layouts_matrix.mo	13817035825426888703	13817035825426888703	2059	2059	0
layouts/matrix/locale/fi_FI/LC_MESSAGES/layouts_matrix.mo	13817035824978911963	13817035824978911963	845	845	0
layouts/matrix/locale/fr_FR/LC_MESSAGES/layouts_matrix.mo	13817035823964872684	13817035823964872684	2504	2504	0
layouts/matrix/locale/ga_IE/LC_MESSAGES/layouts_matrix.mo	13817035826747550462	13817035826747550462	2298	2298	0
layouts/matrix/locale/ja_JP/LC_MESSAGES/layouts_matrix.mo	13817035824152491611	13817035824152491611	846	846	0
layouts/matrix/locale/nl_NL/LC_MESSAGES/layouts_matrix.mo	13817035825039573474	13817035825039573474	437	437	0
layouts/matrix/locale/no_NO/LC_MESSAGES/layouts_matrix.mo	13817035826688954468	13817035826688954468	2413	2413	0
layouts/matrix/locale/pl_PL/LC_MESSAGES/layouts_matrix.mo	13817035822811392336	13817035822811392336	1114	1114	0
layouts/matrix/locale/pt_BR/LC_MESSAGES/layouts_matrix.mo	13817035825105589547	13817035825105589547	1964	1964	0
layouts/matrix/locale/pt_PT/LC_MESSAGES/layouts_matrix.mo	13817035823568490128	13817035823568490128	1053	1053	0
layouts/matrix/locale/sv_SE/LC_MESSAGES/layouts_matrix.mo	13817035823647182786	13817035823647182786	1515	1515	0
layouts/matrix/locale/zh_TW/LC_MESSAGES/layouts_matrix.mo	13817035824331157881	13817035824331157881	443	443	0
layouts/matrix/po/GNUmakefile	13817035824619212990	13817035825560549809	98	103	0
layouts/matrix/po/cs_CZ.po	13817035825351156729	13817035825727872307	3460	3607	0
layouts/matrix/po/da_DK.po	13817035826410717594	13817035823503292746	3639	3803	0
layouts/matrix/po/de_DE.po	13817035824775926576	13817035825315846238	3344	3491	0
layouts/matrix/po/el_GR.po	13817035825579443466	13817035826312772376	3554	3734	0
layouts/matrix/po/en_GB.po	13817035823683804108	13817035826589840069	3281	3460	0
layouts/matrix/po/es_AR.po	13817035824281866443	13817035824622740560	3383	3563	0
layouts/matrix/po/es_MX.po	13817035826247410641	13817035826247410641	3735	3735	0
layouts/matrix/po/fi_FI.po	13817035825889602167	13817035824040587460	3908	4106	0
layouts/matrix/po/fr_FR.po	13817035823302515129	13817035824089168459	3691	3843	0
layouts/matrix/po/ga_IE.po	13817035826872683412	13817035826235911670	4660	4848	0
layouts/matrix/po/he_IL.po	13817035826863877610	13817035825865418416	3552	3696	0
layouts/matrix/po/ja_JP.po	13817035823691389448	13817035823643108283	4295	4510	0
layouts/matrix/po/nl_NL.po	13817035825457296831	13817035824781402371	3407	3591	0
layouts/matrix/po/no_NO.po	13817035824422861653	13817035826425754967	3346	3492	0
layouts/matrix/po/pl_PL.po	13817035824201845747	13817035824875027929	4412	4630	0
layouts/matrix/po/pt_BR.po	13817035823594366988	13817035826152850324	3445	3602	0
layouts/matrix/po/pt_PT.po	13817035825826590966	13817035823200879567	3695	3882	0
layouts/matrix/po/strings.raw	13817035825992474726	13817035823339310098	975	1009	0
layouts/matrix/po/sv_SE.po	13817035823108098140	13817035823157435566	3836	4014	0
layouts/matrix/po/zh_TW.po	13817035825555978371	13817035822784406349	3332	3512	0
layouts/matrix/templates/albumBody.tpl	13817035824570487062	13817035826008034305	7778	8005	0
layouts/matrix/templates/head.tpl	13817035826394826601	13817035824587664264	471	481	0
layouts/matrix/templates/itemNavigator.tpl	13817035825062899642	13817035823053150424	2095	2158	0
layouts/matrix/templates/pathbar.tpl	13817035824163262886	13817035826990723545	1536	1574	0
layouts/matrix/templates/singleBody.tpl	13817035825100972756	13817035823990448327	5032	5167	0
