# File crc32 crc32(crlf) size size(crlf)  or  R File
modules/useralbum/UserAlbum.inc	13817035204571982108	13817035204798036520	3331	3435
modules/useralbum/UserAlbumSiteAdmin.inc	13817035206832914630	13817035204840735895	4422	4551
modules/useralbum/classes/UserAlbumHelper.class	13817035206314711016	13817035206439158383	4052	4190
modules/useralbum/locale/bg_BG/LC_MESSAGES/modules_useralbum.mo	13817035207759421356	13817035207759421356	2201	2201
modules/useralbum/locale/cs_CZ/LC_MESSAGES/modules_useralbum.mo	13817035205630310643	13817035205630310643	2130	2130
modules/useralbum/locale/de_DE/LC_MESSAGES/modules_useralbum.mo	13817035204698890215	13817035204698890215	2035	2035
modules/useralbum/locale/fr_FR/LC_MESSAGES/modules_useralbum.mo	13817035205062350629	13817035205062350629	2048	2048
modules/useralbum/locale/is_IS/LC_MESSAGES/modules_useralbum.mo	13817035205442909609	13817035205442909609	420	420
modules/useralbum/locale/nl_NL/LC_MESSAGES/modules_useralbum.mo	13817035205824736112	13817035205824736112	1974	1974
modules/useralbum/locale/no_NO/LC_MESSAGES/modules_useralbum.mo	13817035205553971717	13817035205553971717	1867	1867
modules/useralbum/locale/pl_PL/LC_MESSAGES/modules_useralbum.mo	13817035205487754344	13817035205487754344	2174	2174
modules/useralbum/locale/ru_RU/LC_MESSAGES/modules_useralbum.mo	13817035207458160303	13817035207458160303	1595	1595
modules/useralbum/locale/sv_SE/LC_MESSAGES/modules_useralbum.mo	13817035206826222298	13817035206826222298	2175	2175
modules/useralbum/locale/tr_TR/LC_MESSAGES/modules_useralbum.mo	13817035208201419579	13817035208201419579	2071	2071
modules/useralbum/locale/zh_CN/LC_MESSAGES/modules_useralbum.mo	13817035206129461295	13817035206129461295	1927	1927
modules/useralbum/locale/zh_TW/LC_MESSAGES/modules_useralbum.mo	13817035206811764858	13817035206811764858	1902	1902
modules/useralbum/module.inc	13817035206610818060	13817035205941856485	7205	7429
modules/useralbum/po/GNUmakefile	13817035206143922366	13817035207085259185	98	103
modules/useralbum/po/bg_BG.po	13817035204880453823	13817035207261184408	3125	3235
modules/useralbum/po/cs_CZ.po	13817035207848217146	13817035205491451324	2933	3043
modules/useralbum/po/de_DE.po	13817035206909173589	13817035207179172903	2971	3081
modules/useralbum/po/fr_FR.po	13817035205015750423	13817035205970672345	2842	2948
modules/useralbum/po/is_IS.po	13817035208324035790	13817035205576207235	2203	2307
modules/useralbum/po/nl_NL.po	13817035205461392144	13817035207294759937	2859	2967
modules/useralbum/po/no_NO.po	13817035206750886279	13817035206809902355	2660	2766
modules/useralbum/po/pl_PL.po	13817035207735943424	13817035205919144438	2968	3074
modules/useralbum/po/ru_RU.po	13817035205228574164	13817035206572645541	3501	3614
modules/useralbum/po/strings.raw	13817035208041041269	13817035206482368547	778	804
modules/useralbum/po/sv_SE.po	13817035208189019854	13817035206594277962	3031	3142
modules/useralbum/po/tr_TR.po	13817035206396594447	13817035207710843191	3003	3112
modules/useralbum/po/zh_CN.po	13817035205920882722	13817035207375665424	2718	2823
modules/useralbum/po/zh_TW.po	13817035207748219854	13817035206094580301	2694	2800
modules/useralbum/templates/UserAlbumSiteAdmin.tpl	13817035204561068090	13817035208199703837	2779	2855
modules/useralbum/test/phpunit/UserAlbumControllerTest.class	13817035204324816571	13817035207682495944	10603	10902
modules/useralbum/test/phpunit/UserAlbumSiteAdminControllerTest.class	13817035207336655577	13817035206182726152	3618	3726
modules/useralbum/test/phpunit/UserAlbumTest.class	13817035207910933666	13817035205561544578	11079	11397
R	modules/useralbum/templates/SiteAdmin.tpl
