# File crc32 crc32(crlf) size size(crlf)  or  R File
modules/mime/MimeAdmin.inc	13817035206331890758	13817035205876708828	3320	3423
modules/mime/MimeEdit.inc	13817035204657838575	13817035206277528669	4866	5036
modules/mime/classes/MimeHelper.class	13817035207343510074	13817035204672883974	2225	2294
modules/mime/data/b_drop.png	13817035206143794800	13817035206143794800	311	311
modules/mime/data/b_edit.png	13817035207603925131	13817035207603925131	451	451
modules/mime/data/mime_viewable.gif	13817035207088831719	13817035207088831719	538	538
modules/mime/locale/cs_CZ/LC_MESSAGES/modules_mime.mo	13817035207041721060	13817035207041721060	1831	1831
modules/mime/locale/da_DK/LC_MESSAGES/modules_mime.mo	13817035204679005593	13817035204679005593	1779	1779
modules/mime/locale/de_DE/LC_MESSAGES/modules_mime.mo	13817035206367318221	13817035206367318221	1854	1854
modules/mime/locale/fr_FR/LC_MESSAGES/modules_mime.mo	13817035207428754155	13817035207428754155	1911	1911
modules/mime/locale/nl_NL/LC_MESSAGES/modules_mime.mo	13817035204369510875	13817035204369510875	1814	1814
modules/mime/locale/sv_SE/LC_MESSAGES/modules_mime.mo	13817035204318166660	13817035204318166660	1997	1997
modules/mime/locale/tr_TR/LC_MESSAGES/modules_mime.mo	13817035206794725106	13817035206794725106	668	668
modules/mime/locale/zh_CN/LC_MESSAGES/modules_mime.mo	13817035206798701046	13817035206798701046	1742	1742
modules/mime/locale/zh_TW/LC_MESSAGES/modules_mime.mo	13817035205330882412	13817035205330882412	1746	1746
modules/mime/module.inc	13817035205879569997	13817035204646822943	2174	2247
modules/mime/po/GNUmakefile	13817035206143922366	13817035207085259185	98	103
modules/mime/po/cs_CZ.po	13817035208307483794	13817035204321440746	2623	2725
modules/mime/po/da_DK.po	13817035207547800116	13817035204309926940	2621	2724
modules/mime/po/de_DE.po	13817035206430615637	13817035208212413037	2764	2869
modules/mime/po/fr_FR.po	13817035205170043542	13817035206018979458	2706	2807
modules/mime/po/nl_NL.po	13817035206318117305	13817035206432030341	2676	2778
modules/mime/po/strings.raw	13817035204434108027	13817035207635992986	729	754
modules/mime/po/sv_SE.po	13817035207850919457	13817035208221539740	2879	2987
modules/mime/po/tr_TR.po	13817035205627851744	13817035204576524616	2344	2449
modules/mime/po/zh_CN.po	13817035208453823156	13817035205919741417	2533	2633
modules/mime/po/zh_TW.po	13817035205049709952	13817035205720180144	2538	2639
modules/mime/templates/MimeAdmin.tpl	13817035206685870787	13817035208037574768	2001	2063
modules/mime/templates/MimeEdit.tpl	13817035207252235339	13817035205133352036	2109	2171
modules/mime/test/phpunit/MimeAdminControllerTest.class	13817035206722183274	13817035206550312285	2292	2361
modules/mime/test/phpunit/MimeEditControllerTest.class	13817035208297624701	13817035205668750930	7973	8172
modules/mime/test/phpunit/MimeHelperTest.class	13817035206001361939	13817035207517608744	2113	2183
