# File crc32 crc32(crlf) size size(crlf)  or  R File
themes/hybrid/hybrid.js	13817035206053410584	13817035208450858658	17934	18418
themes/hybrid/images/alb.png	13817035205377162817	13817035205377162817	291	291
themes/hybrid/images/down.png	13817035207553995606	13817035207553995606	295	295
themes/hybrid/images/fit.png	13817035206765626942	13817035206765626942	348	348
themes/hybrid/images/full.png	13817035206022985979	13817035206022985979	367	367
themes/hybrid/images/fwd.png	13817035204662436709	13817035204662436709	298	298
themes/hybrid/images/info.png	13817035208035776136	13817035208035776136	360	360
themes/hybrid/images/left.png	13817035206691865739	13817035206691865739	296	296
themes/hybrid/images/menu.png	13817035206227741210	13817035206227741210	350	350
themes/hybrid/images/next-off.png	13817035206571293342	13817035206571293342	295	295
themes/hybrid/images/next.png	13817035204342672995	13817035204342672995	303	303
themes/hybrid/images/poz.png	13817035208344197068	13817035208344197068	258	258
themes/hybrid/images/prev-off.png	13817035205129923403	13817035205129923403	302	302
themes/hybrid/images/prev.png	13817035204839195496	13817035204839195496	311	311
themes/hybrid/images/rand.png	13817035207331286319	13817035207331286319	331	331
themes/hybrid/images/rev.png	13817035207582637686	13817035207582637686	297	297
themes/hybrid/images/right.png	13817035206925586020	13817035206925586020	295	295
themes/hybrid/images/up.png	13817035205437601075	13817035205437601075	293	293
themes/hybrid/locale/cs_CZ/LC_MESSAGES/themes_hybrid.mo	13817035204808800974	13817035204808800974	2758	2758
themes/hybrid/locale/da_DK/LC_MESSAGES/themes_hybrid.mo	13817035205345465047	13817035205345465047	2300	2300
themes/hybrid/locale/de_DE/LC_MESSAGES/themes_hybrid.mo	13817035206029410662	13817035206029410662	2724	2724
themes/hybrid/locale/fr_FR/LC_MESSAGES/themes_hybrid.mo	13817035208433842784	13817035208433842784	2719	2719
themes/hybrid/locale/is_IS/LC_MESSAGES/themes_hybrid.mo	13817035207868214411	13817035207868214411	462	462
themes/hybrid/locale/it_IT/LC_MESSAGES/themes_hybrid.mo	13817035208276527806	13817035208276527806	2745	2745
themes/hybrid/locale/nl_NL/LC_MESSAGES/themes_hybrid.mo	13817035204626913739	13817035204626913739	2693	2693
themes/hybrid/locale/no_NO/LC_MESSAGES/themes_hybrid.mo	13817035204631704488	13817035204631704488	1311	1311
themes/hybrid/locale/sv_SE/LC_MESSAGES/themes_hybrid.mo	13817035205335332232	13817035205335332232	2143	2143
themes/hybrid/locale/tr_TR/LC_MESSAGES/themes_hybrid.mo	13817035206796397471	13817035206796397471	2699	2699
themes/hybrid/locale/vi_VN/LC_MESSAGES/themes_hybrid.mo	13817035208184996983	13817035208184996983	2811	2811
themes/hybrid/locale/zh_CN/LC_MESSAGES/themes_hybrid.mo	13817035206807085217	13817035206807085217	2036	2036
themes/hybrid/locale/zh_TW/LC_MESSAGES/themes_hybrid.mo	13817035206452613335	13817035206452613335	2553	2553
themes/hybrid/po/GNUmakefile	13817035206143922366	13817035207085259185	98	103
themes/hybrid/po/cs_CZ.po	13817035204348911539	13817035205469766762	3850	4033
themes/hybrid/po/da_DK.po	13817035205635644422	13817035204417218038	3488	3663
themes/hybrid/po/de_DE.po	13817035206130965399	13817035207201826076	3699	3874
themes/hybrid/po/fr_FR.po	13817035207730728486	13817035204600159596	3498	3664
themes/hybrid/po/is_IS.po	13817035207694565177	13817035205355238451	2786	2953
themes/hybrid/po/it_IT.po	13817035205557897455	13817035206301081833	3832	4013
themes/hybrid/po/nl_NL.po	13817035208571169388	13817035204383801103	3571	3741
themes/hybrid/po/no_NO.po	13817035205678317757	13817035205526043827	3461	3650
themes/hybrid/po/strings.raw	13817035205285327704	13817035208320513523	1109	1155
themes/hybrid/po/sv_SE.po	13817035206544097283	13817035204867665566	3732	3913
themes/hybrid/po/tr_TR.po	13817035205660104005	13817035207341296548	3486	3655
themes/hybrid/po/vi_VN.po	13817035204757709249	13817035207869370589	3589	3755
themes/hybrid/po/zh_CN.po	13817035206164285497	13817035207387721208	3625	3814
themes/hybrid/po/zh_TW.po	13817035204334495463	13817035207645860172	3319	3484
themes/hybrid/templates/detail.tpl	13817035204555975959	13817035205489611456	1497	1536
themes/hybrid/templates/error.tpl	13817035206021265955	13817035208214728466	1001	1030
themes/hybrid/templates/header.tpl	13817035207542220376	13817035208181136382	1263	1291
themes/hybrid/templates/hybrid.tpl	13817035207141645521	13817035205017422481	10193	10421
themes/hybrid/templates/progressbar.tpl	13817035206192203128	13817035208497845642	2712	2798
themes/hybrid/templates/render.tpl	13817035205971198562	13817035205170901784	626	639
themes/hybrid/templates/sidebar.tpl	13817035205408723106	13817035207326267536	3055	3148
themes/hybrid/templates/theme.tpl	13817035206440470191	13817035208051486289	2610	2688
themes/hybrid/theme.css	13817035205145742322	13817035208186492496	14297	15025
themes/hybrid/theme.inc	13817035205933103343	13817035205246486654	10648	10969
