# File crc32 crc32(crlf) size size(crlf)  or  R File
modules/captcha/CaptchaConfigAdmin.inc	13817035208147063808	13817035208245211416	2561	2642
modules/captcha/CaptchaImage.inc	13817035207558541054	13817035206720863770	1936	2004
modules/captcha/CaptchaSiteAdmin.inc	13817035204684414627	13817035206641667227	3871	3990
modules/captcha/CaptchaValidationPlugin.inc	13817035207605958472	13817035205735279478	4003	4137
modules/captcha/classes/CaptchaHelper.class	13817035207577457664	13817035206059186741	1894	1953
modules/captcha/data/code_bg.jpg	13817035205807325149	13817035205807325149	6429	6429
modules/captcha/locale/bg_BG/LC_MESSAGES/modules_captcha.mo	13817035204643058358	13817035204643058358	4621	4621
modules/captcha/locale/cs_CZ/LC_MESSAGES/modules_captcha.mo	13817035206667287377	13817035206667287377	3423	3423
modules/captcha/locale/da_DK/LC_MESSAGES/modules_captcha.mo	13817035205069692667	13817035205069692667	3216	3216
modules/captcha/locale/de_DE/LC_MESSAGES/modules_captcha.mo	13817035205440339780	13817035205440339780	3655	3655
modules/captcha/locale/fr_FR/LC_MESSAGES/modules_captcha.mo	13817035208346535715	13817035208346535715	3746	3746
modules/captcha/locale/it_IT/LC_MESSAGES/modules_captcha.mo	13817035207679343793	13817035207679343793	3547	3547
modules/captcha/locale/nl_NL/LC_MESSAGES/modules_captcha.mo	13817035206885963982	13817035206885963982	3476	3476
modules/captcha/locale/tr_TR/LC_MESSAGES/modules_captcha.mo	13817035207597872205	13817035207597872205	1501	1501
modules/captcha/locale/vi_VN/LC_MESSAGES/modules_captcha.mo	13817035205918824153	13817035205918824153	3365	3365
modules/captcha/locale/zh_TW/LC_MESSAGES/modules_captcha.mo	13817035207262266298	13817035207262266298	3208	3208
modules/captcha/module.inc	13817035207341593124	13817035208541977562	4795	4960
modules/captcha/po/GNUmakefile	13817035206143922366	13817035207085259185	98	103
modules/captcha/po/bg_BG.po	13817035204796252411	13817035205123363701	5705	5843
modules/captcha/po/cs_CZ.po	13817035207346225954	13817035205082290750	4282	4416
modules/captcha/po/da_DK.po	13817035207011951281	13817035207705401920	4297	4434
modules/captcha/po/de_DE.po	13817035206066503741	13817035205412445049	4673	4813
modules/captcha/po/fr_FR.po	13817035207950123852	13817035205032375205	4622	4760
modules/captcha/po/it_IT.po	13817035205340283271	13817035206838078332	4340	4451
modules/captcha/po/nl_NL.po	13817035204865954423	13817035207350696868	4427	4563
modules/captcha/po/strings.raw	13817035204979165982	13817035207363538729	1542	1570
modules/captcha/po/tr_TR.po	13817035205467139312	13817035206249165960	3504	3630
modules/captcha/po/vi_VN.po	13817035204448688053	13817035204876506774	4323	4454
modules/captcha/po/zh_TW.po	13817035204607697106	13817035204709261305	4046	4172
modules/captcha/templates/CaptchaConfigAdmin.tpl	13817035207032400924	13817035205199420414	1881	1952
modules/captcha/templates/CaptchaSiteAdmin.tpl	13817035205984105753	13817035205207676434	1927	1977
modules/captcha/templates/CaptchaValidationPlugin.tpl	13817035205218163821	13817035208227757875	945	972
modules/captcha/test/phpunit/CaptchaHelperTest.class	13817035208119217934	13817035208564086936	3832	3951
modules/captcha/test/phpunit/CaptchaSiteAdminControllerTest.class	13817035204989718607	13817035207020366328	4935	5087
