# File crc32 crc32(crlf) size size(crlf)  or  R File
themes/matrix/images/gallery_logo.png	13817035208133804715	13817035208133804715	12977	12977
themes/matrix/images/groupinfo.png	13817035207731383650	13817035207731383650	1212	1212
themes/matrix/images/icon_comments.jpg	13817035204829508773	13817035204829508773	554	554
themes/matrix/images/icon_debug.jpg	13817035207100667953	13817035207100667953	683	683
themes/matrix/images/icon_general.jpg	13817035205570069742	13817035205570069742	566	566
themes/matrix/images/icon_groups.jpg	13817035208261527083	13817035208261527083	605	605
themes/matrix/images/icon_layouts.jpg	13817035206055046339	13817035206055046339	572	572
themes/matrix/images/icon_modules.jpg	13817035205002784224	13817035205002784224	591	591
themes/matrix/images/icon_path_separator.gif	13817035206649407610	13817035206649407610	106	106
themes/matrix/images/icon_users.jpg	13817035205183550941	13817035205183550941	447	447
themes/matrix/images/key7-16-bw.gif	13817035205112044904	13817035205112044904	977	977
themes/matrix/images/loading.gif	13817035208340914512	13817035208340914512	543	543
themes/matrix/images/nav_first.gif	13817035208494782606	13817035208494782606	89	89
themes/matrix/images/nav_last.gif	13817035204277767408	13817035204277767408	92	92
themes/matrix/images/nav_next.gif	13817035208436852214	13817035208436852214	133	133
themes/matrix/images/nav_prev.gif	13817035204812943105	13817035204812943105	133	133
themes/matrix/images/tab_bg.gif	13817035205426881165	13817035205426881165	99	99
themes/matrix/images/tab_left.jpg	13817035206586778822	13817035206586778822	504	504
themes/matrix/images/tab_left_on.jpg	13817035204446046688	13817035204446046688	518	518
themes/matrix/images/tab_right.jpg	13817035205665035963	13817035205665035963	1810	1810
themes/matrix/images/tab_right_on.jpg	13817035205431168739	13817035205431168739	1741	1741
themes/matrix/images/userinfo.png	13817035207603196804	13817035207603196804	935	935
themes/matrix/locale/ar_SA/LC_MESSAGES/themes_matrix.mo	13817035206150113548	13817035206150113548	1184	1184
themes/matrix/locale/cs_CZ/LC_MESSAGES/themes_matrix.mo	13817035207979413881	13817035207979413881	1134	1134
themes/matrix/locale/da_DK/LC_MESSAGES/themes_matrix.mo	13817035206277108272	13817035206277108272	1077	1077
themes/matrix/locale/de_DE/LC_MESSAGES/themes_matrix.mo	13817035206881404309	13817035206881404309	1183	1183
themes/matrix/locale/el_GR/LC_MESSAGES/themes_matrix.mo	13817035205085504222	13817035205085504222	431	431
themes/matrix/locale/en_GB/LC_MESSAGES/themes_matrix.mo	13817035204425221463	13817035204425221463	441	441
themes/matrix/locale/es_AR/LC_MESSAGES/themes_matrix.mo	13817035207984516067	13817035207984516067	444	444
themes/matrix/locale/es_MX/LC_MESSAGES/themes_matrix.mo	13817035206245954420	13817035206245954420	660	660
themes/matrix/locale/fi_FI/LC_MESSAGES/themes_matrix.mo	13817035205326082804	13817035205326082804	531	531
themes/matrix/locale/fr_FR/LC_MESSAGES/themes_matrix.mo	13817035207897628196	13817035207897628196	1137	1137
themes/matrix/locale/ga_IE/LC_MESSAGES/themes_matrix.mo	13817035205561928765	13817035205561928765	968	968
themes/matrix/locale/he_IL/LC_MESSAGES/themes_matrix.mo	13817035205835946494	13817035205835946494	700	700
themes/matrix/locale/hu_HU/LC_MESSAGES/themes_matrix.mo	13817035208086200246	13817035208086200246	767	767
themes/matrix/locale/is_IS/LC_MESSAGES/themes_matrix.mo	13817035206475320264	13817035206475320264	462	462
themes/matrix/locale/it_IT/LC_MESSAGES/themes_matrix.mo	13817035205219124705	13817035205219124705	1173	1173
themes/matrix/locale/ja_JP/LC_MESSAGES/themes_matrix.mo	13817035207866981951	13817035207866981951	1035	1035
themes/matrix/locale/nl_NL/LC_MESSAGES/themes_matrix.mo	13817035207214876195	13817035207214876195	1051	1051
themes/matrix/locale/no_NO/LC_MESSAGES/themes_matrix.mo	13817035204745726082	13817035204745726082	840	840
themes/matrix/locale/pl_PL/LC_MESSAGES/themes_matrix.mo	13817035207840231526	13817035207840231526	579	579
themes/matrix/locale/pt_BR/LC_MESSAGES/themes_matrix.mo	13817035205509687514	13817035205509687514	697	697
themes/matrix/locale/pt_PT/LC_MESSAGES/themes_matrix.mo	13817035204930027607	13817035204930027607	544	544
themes/matrix/locale/ru_RU/LC_MESSAGES/themes_matrix.mo	13817035207355667446	13817035207355667446	821	821
themes/matrix/locale/sv_SE/LC_MESSAGES/themes_matrix.mo	13817035206585283783	13817035206585283783	931	931
themes/matrix/locale/tr_TR/LC_MESSAGES/themes_matrix.mo	13817035207235381507	13817035207235381507	1085	1085
themes/matrix/locale/vi_VN/LC_MESSAGES/themes_matrix.mo	13817035206093221413	13817035206093221413	1137	1137
themes/matrix/locale/zh_CN/LC_MESSAGES/themes_matrix.mo	13817035205990886714	13817035205990886714	798	798
themes/matrix/locale/zh_TW/LC_MESSAGES/themes_matrix.mo	13817035206097148664	13817035206097148664	1055	1055
themes/matrix/po/GNUmakefile	13817035206143922366	13817035207085259185	98	103
themes/matrix/po/ar_SA.po	13817035207683752526	13817035204297785311	2060	2128
themes/matrix/po/cs_CZ.po	13817035207883061497	13817035208359444023	2011	2078
themes/matrix/po/da_DK.po	13817035207884506845	13817035208221461340	1952	2019
themes/matrix/po/de_DE.po	13817035205959314116	13817035207706872943	2289	2365
themes/matrix/po/el_GR.po	13817035207241732298	13817035208321557295	1922	1990
themes/matrix/po/en_GB.po	13817035206336286265	13817035206375457976	1832	1899
themes/matrix/po/es_AR.po	13817035205983914745	13817035205926103901	1847	1915
themes/matrix/po/es_MX.po	13817035204945843726	13817035208143533396	2029	2100
themes/matrix/po/fi_FI.po	13817035207381918896	13817035206404187352	1914	1985
themes/matrix/po/fr_FR.po	13817035205155185092	13817035205666115278	2012	2079
themes/matrix/po/ga_IE.po	13817035206339575473	13817035205281242737	2663	2750
themes/matrix/po/he_IL.po	13817035204598873645	13817035206237684843	1913	1980
themes/matrix/po/hu_HU.po	13817035204926031449	13817035207934919653	1875	1941
themes/matrix/po/is_IS.po	13817035206467521111	13817035204696565367	1778	1845
themes/matrix/po/it_IT.po	13817035204877173523	13817035205376310858	2057	2127
themes/matrix/po/ja_JP.po	13817035204322512739	13817035208505059021	1996	2063
themes/matrix/po/nl_NL.po	13817035208550125243	13817035205494731478	2042	2111
themes/matrix/po/no_NO.po	13817035204922668918	13817035207748554841	1947	2014
themes/matrix/po/pl_PL.po	13817035206058035542	13817035205357030256	1888	1956
themes/matrix/po/pt_BR.po	13817035207419343743	13817035205544567152	1904	1971
themes/matrix/po/pt_PT.po	13817035205131671123	13817035208185792709	1848	1915
themes/matrix/po/ru_RU.po	13817035204768967734	13817035206909540038	2086	2154
themes/matrix/po/strings.raw	13817035206889926091	13817035206656593721	380	393
themes/matrix/po/sv_SE.po	13817035206529969519	13817035207202937623	2290	2365
themes/matrix/po/tr_TR.po	13817035206757308339	13817035207404701008	1962	2030
themes/matrix/po/vi_VN.po	13817035204581149029	13817035205137306883	2007	2073
themes/matrix/po/zh_CN.po	13817035207697027175	13817035206589233370	1899	1966
themes/matrix/po/zh_TW.po	13817035205723865235	13817035207160753965	1925	1991
themes/matrix/templates/admin.tpl	13817035208565866531	13817035204601882363	357	364
themes/matrix/templates/album.tpl	13817035207175854090	13817035205913322968	6238	6408
themes/matrix/templates/error.tpl	13817035206099343193	13817035205564634997	1001	1030
themes/matrix/templates/module.tpl	13817035208007625725	13817035205245913147	606	625
themes/matrix/templates/photo.tpl	13817035207708661519	13817035204415557342	3664	3767
themes/matrix/templates/progressbar.tpl	13817035204343603243	13817035204814702175	2712	2798
themes/matrix/templates/sidebar.tpl	13817035208085183274	13817035207728169428	564	577
themes/matrix/templates/theme.tpl	13817035204577002182	13817035207741481210	2810	2889
themes/matrix/theme.css	13817035207316780332	13817035205825366111	13171	13818
themes/matrix/theme.inc	13817035208415143885	13817035206054093682	4767	4918
R	themes/matrix/images/tab_bg.jpg
R	themes/matrix/styles/layout.css.php
R	themes/matrix/styles/theme.css
R	themes/matrix/themeNew.css
