# File crc32 crc32(crlf) size size(crlf) viewable
modules/exif/AdminExif.inc	13817035824684083444	13817035826087713349	13304	13738	1
modules/exif/ExifDescriptionOption.inc	13817035825078535341	13817035825235270858	3147	3246	1
modules/exif/SwitchDetailMode.inc	13817035822901634921	13817035826412423488	1844	1907	1
modules/exif/classes/ExifExtractor.class	13817035822887588956	13817035826605763356	2811	2904	1
modules/exif/classes/ExifHelper.class	13817035823649001246	13817035824951235566	24739	25374	1
modules/exif/classes/ExifInterface_1_0.class	13817035825021331858	13817035826090231581	1774	1825	1
modules/exif/classes/ExifPropertiesMap.class	13817035822907519273	13817035826366646752	4157	4291	1
modules/exif/classes/ExifToolkit.class	13817035824668576283	13817035823303003640	2013	2081	1
modules/exif/classes/GNUmakefile	13817035822956300548	13817035824453324160	230	238	0
modules/exif/classes/GalleryStorage/DatabaseStorage/schema/GNUmakefile	13817035826765762209	13817035822875473081	173	180	0
modules/exif/classes/GalleryStorage/DatabaseStorage/schema/platform/GNUmakefile	13817035826961635948	13817035824437520339	128	135	0
modules/exif/classes/GalleryStorage/DatabaseStorage/schema/platform/mysql/ExifPropertiesMap.sql	13817035822840880653	13817035826597885934	730	770	0
modules/exif/classes/GalleryStorage/DatabaseStorage/schema/platform/mysql/GNUmakefile	13817035822775709015	13817035825259742529	200	204	0
modules/exif/classes/GalleryStorage/DatabaseStorage/schema/platform/oracle/ExifPropertiesMap.sql	13817035823584399838	13817035825736093896	738	777	0
modules/exif/classes/GalleryStorage/DatabaseStorage/schema/platform/oracle/GNUmakefile	13817035826640144639	13817035826316689213	202	206	0
modules/exif/classes/GalleryStorage/DatabaseStorage/schema/platform/postgres/ExifPropertiesMap.sql	13817035823026533107	13817035826843991653	796	837	0
modules/exif/classes/GalleryStorage/DatabaseStorage/schema/platform/postgres/GNUmakefile	13817035825148722786	13817035823655293553	208	212	0
modules/exif/classes/GalleryStorage/DatabaseStorage/schema/xml-src/GNUmakefile	13817035822756390603	13817035823483322378	136	138	0
modules/exif/classes/interfaces/ExifPropertiesMap.inc	13817035823047069473	13817035826482547980	4884	5049	1
modules/exif/classes/interfaces/GNUmakefile	13817035827038013174	13817035825473874965	171	176	0
modules/exif/lib/exifer/exif.inc	13817035826456783278	13817035822804602211	35625	36470	1
modules/exif/lib/exifer/makers/canon.inc	13817035824907886508	13817035824522284121	18478	18884	1
modules/exif/lib/exifer/makers/fujifilm.inc	13817035825277703341	13817035826798397628	8601	8857	1
modules/exif/lib/exifer/makers/gps.inc	13817035825672549629	13817035826692595043	8282	8509	1
modules/exif/lib/exifer/makers/nikon.inc	13817035825016764896	13817035825857890332	10518	10821	1
modules/exif/lib/exifer/makers/olympus.inc	13817035826932570294	13817035822863014613	5727	5904	1
modules/exif/lib/exifer/makers/sanyo.inc	13817035826707834195	13817035824311028357	5368	5535	1
modules/exif/locale/cs_CZ/LC_MESSAGES/modules_exif.mo	13817035825780060937	13817035825780060937	13579	13579	0
modules/exif/locale/da_DK/LC_MESSAGES/modules_exif.mo	13817035823738397029	13817035823738397029	6631	6631	0
modules/exif/locale/de_DE/LC_MESSAGES/modules_exif.mo	13817035823183537053	13817035823183537053	11309	11309	0
modules/exif/locale/fr_FR/LC_MESSAGES/modules_exif.mo	13817035823410046660	13817035823410046660	9590	9590	0
modules/exif/locale/ga_IE/LC_MESSAGES/modules_exif.mo	13817035825784554024	13817035825784554024	6080	6080	0
modules/exif/locale/it_IT/LC_MESSAGES/modules_exif.mo	13817035824250985268	13817035824250985268	13158	13158	0
modules/exif/locale/nl_NL/LC_MESSAGES/modules_exif.mo	13817035826158380177	13817035826158380177	8893	8893	0
modules/exif/locale/no_NO/LC_MESSAGES/modules_exif.mo	13817035824461131849	13817035824461131849	12945	12945	0
modules/exif/locale/sv_SE/LC_MESSAGES/modules_exif.mo	13817035824007980831	13817035824007980831	6418	6418	0
modules/exif/module.inc	13817035825684131378	13817035826276356928	6518	6755	1
modules/exif/po/GNUmakefile	13817035824619212990	13817035825560549809	98	103	0
modules/exif/po/cs_CZ.po	13817035823704579492	13817035824955925638	14265	14909	0
modules/exif/po/da_DK.po	13817035824471767761	13817035825333694564	11238	11874	0
modules/exif/po/de_DE.po	13817035824414812485	13817035823625344848	13158	13797	0
modules/exif/po/fr_FR.po	13817035825384465502	13817035822772190363	12571	13199	0
modules/exif/po/ga_IE.po	13817035825216267698	13817035824258145102	12947	13617	0
modules/exif/po/it_IT.po	13817035825858178612	13817035825682647604	14170	14813	0
modules/exif/po/nl_NL.po	13817035826237394678	13817035823081951985	12579	13219	0
modules/exif/po/no_NO.po	13817035824495212568	13817035824307851049	13477	14097	0
modules/exif/po/strings.raw	13817035824629971359	13817035823830987046	6137	6325	0
modules/exif/po/sv_SE.po	13817035824069948599	13817035826996283577	11541	12174	0
modules/exif/templates/AdminExif.tpl	13817035825934439251	13817035825326152343	7598	7816	0
modules/exif/templates/ExifItemDetails.tpl	13817035825727731876	13817035822974941766	1530	1584	0
modules/exif/test/data/CanonS30.small.jpg	13817035825304863045	13817035825304863045	8163	8163	0
modules/exif/test/data/descr.jpg	13817035823200225849	13817035823200225849	8915	8915	0
modules/exif/test/phpunit/AdminExifControllerTest.class	13817035823265406704	13817035822964340188	15296	15721	1
modules/exif/test/phpunit/ExifDescriptionOptionTest.class	13817035825773484802	13817035825975646480	4030	4146	1
modules/exif/test/phpunit/ExifExtractorTest.class	13817035826695698456	13817035824508978135	6903	7103	1
modules/exif/test/phpunit/ExifHelperTest.class	13817035825581168249	13817035823648172669	4585	4736	1
modules/exif/test/phpunit/ExifToolkitTest.class	13817035823177856376	13817035826971852256	1945	2019	1
modules/exif/test/phpunit/SwitchDetailModeControllerTest.class	13817035824666458206	13817035825635450316	3463	3573	1
