# File crc32 crc32(crlf) size size(crlf) viewable
modules/archiveupload/ArchiveUploadSiteAdmin.inc	13817035825523125581	13817035825493909344	4441	4582	1
modules/archiveupload/classes/ArchiveExtractToolkit.class	13817035825755671091	13817035825186957802	2643	2723	1
modules/archiveupload/classes/ArchiveUploadHelper.class	13817035822874109025	13817035825077390817	3932	4068	1
modules/archiveupload/locale/cs_CZ/LC_MESSAGES/modules_archiveupload.mo	13817035823685391845	13817035823685391845	2521	2521	0
modules/archiveupload/locale/de_DE/LC_MESSAGES/modules_archiveupload.mo	13817035824047991525	13817035824047991525	1904	1904	0
modules/archiveupload/locale/nl_NL/LC_MESSAGES/modules_archiveupload.mo	13817035825053472044	13817035825053472044	2626	2626	0
modules/archiveupload/locale/no_NO/LC_MESSAGES/modules_archiveupload.mo	13817035827032106089	13817035827032106089	2721	2721	0
modules/archiveupload/module.inc	13817035823569230722	13817035824065826948	5429	5621	1
modules/archiveupload/po/GNUmakefile	13817035824619212990	13817035825560549809	98	103	0
modules/archiveupload/po/cs_CZ.po	13817035823278338196	13817035823716871176	3339	3440	0
modules/archiveupload/po/de_DE.po	13817035826276177373	13817035822825211539	3060	3155	0
modules/archiveupload/po/nl_NL.po	13817035823170399382	13817035826857112998	3536	3642	0
modules/archiveupload/po/no_NO.po	13817035825129157145	13817035824392550251	3534	3636	0
modules/archiveupload/po/strings.raw	13817035826460324669	13817035824517095406	1033	1053	0
modules/archiveupload/templates/ArchiveUploadSiteAdmin.tpl	13817035824239072294	13817035825609429685	3230	3345	0
modules/archiveupload/test/data/test.zip	13817035825060348741	13817035825060348741	153	153	0
modules/archiveupload/test/phpunit/ArchiveExtractToolkitTest.class	13817035825463755585	13817035823235867646	3212	3339	1
modules/archiveupload/test/phpunit/ArchiveUploadSiteAdminControllerTest.class	13817035826528024286	13817035826602372890	7822	8076	1
