# File crc32 crc32(crlf) size size(crlf)  or  R File
modules/rearrange/RearrangeItems.inc	13817035207170331688	13817035208330361918	7280	7503
modules/rearrange/locale/bg_BG/LC_MESSAGES/modules_rearrange.mo	13817035205934688619	13817035205934688619	1566	1566
modules/rearrange/locale/cs_CZ/LC_MESSAGES/modules_rearrange.mo	13817035207486173427	13817035207486173427	1546	1546
modules/rearrange/locale/de_DE/LC_MESSAGES/modules_rearrange.mo	13817035206281881427	13817035206281881427	1568	1568
modules/rearrange/locale/fr_FR/LC_MESSAGES/modules_rearrange.mo	13817035205568055745	13817035205568055745	1504	1504
modules/rearrange/locale/hu_HU/LC_MESSAGES/modules_rearrange.mo	13817035205993345252	13817035205993345252	1290	1290
modules/rearrange/locale/is_IS/LC_MESSAGES/modules_rearrange.mo	13817035206352393034	13817035206352393034	418	418
modules/rearrange/locale/nl_NL/LC_MESSAGES/modules_rearrange.mo	13817035205243079698	13817035205243079698	1427	1427
modules/rearrange/locale/sv_SE/LC_MESSAGES/modules_rearrange.mo	13817035208118813057	13817035208118813057	1556	1556
modules/rearrange/locale/tr_TR/LC_MESSAGES/modules_rearrange.mo	13817035207751653763	13817035207751653763	769	769
modules/rearrange/locale/vi_VN/LC_MESSAGES/modules_rearrange.mo	13817035207461748767	13817035207461748767	1541	1541
modules/rearrange/locale/zh_CN/LC_MESSAGES/modules_rearrange.mo	13817035208092154210	13817035208092154210	1323	1323
modules/rearrange/locale/zh_TW/LC_MESSAGES/modules_rearrange.mo	13817035204788552013	13817035204788552013	1376	1376
modules/rearrange/module.inc	13817035208372118552	13817035208149696987	3987	4116
modules/rearrange/po/GNUmakefile	13817035206143922366	13817035207085259185	98	103
modules/rearrange/po/bg_BG.po	13817035207790962688	13817035204334907639	2548	2622
modules/rearrange/po/cs_CZ.po	13817035207019625785	13817035208524575614	2409	2484
modules/rearrange/po/de_DE.po	13817035207395849549	13817035206243218522	2549	2627
modules/rearrange/po/fr_FR.po	13817035206601185126	13817035206556820240	2363	2436
modules/rearrange/po/hu_HU.po	13817035205803040032	13817035207187934523	2243	2316
modules/rearrange/po/is_IS.po	13817035205739030843	13817035206422082518	1880	1949
modules/rearrange/po/nl_NL.po	13817035207802702636	13817035207614333365	2374	2448
modules/rearrange/po/strings.raw	13817035206348885976	13817035208180091590	550	564
modules/rearrange/po/sv_SE.po	13817035206002690366	13817035204804412585	2496	2574
modules/rearrange/po/tr_TR.po	13817035208051709320	13817035205264872338	2123	2198
modules/rearrange/po/vi_VN.po	13817035204418526789	13817035205119533222	2410	2481
modules/rearrange/po/zh_CN.po	13817035206653472806	13817035207063448845	2230	2303
modules/rearrange/po/zh_TW.po	13817035205724973615	13817035207752674937	2231	2303
modules/rearrange/templates/Header.tpl	13817035204823684736	13817035205039693441	825	853
modules/rearrange/templates/RearrangeItems.tpl	13817035207447816101	13817035205334556158	4556	4699
modules/rearrange/templates/RearrangeItemsCell.tpl	13817035205658292063	13817035208505841044	615	633
modules/rearrange/test/phpunit/RearrangeItemsControllerTest.class	13817035206394505674	13817035204475793082	5085	5237
