# File crc32 crc32(crlf) size size(crlf) viewable
modules/zipcart/Admin.inc	13817035822861295341	13817035825752410147	3800	3928	1
modules/zipcart/Download.inc	13817035826535116457	13817035824465066266	3147	3254	1
modules/zipcart/classes/ZipCartPlugin.class	13817035823688706451	13817035824821688794	6610	6825	1
modules/zipcart/locale/de_DE/LC_MESSAGES/modules_zipcart.mo	13817035825346253669	13817035825346253669	1491	1491	0
modules/zipcart/locale/fr_FR/LC_MESSAGES/modules_zipcart.mo	13817035825109266860	13817035825109266860	1502	1502	0
modules/zipcart/locale/nl_NL/LC_MESSAGES/modules_zipcart.mo	13817035823494394391	13817035823494394391	1400	1400	0
modules/zipcart/locale/no_NO/LC_MESSAGES/modules_zipcart.mo	13817035824579630712	13817035824579630712	1424	1424	0
modules/zipcart/module.inc	13817035826067298118	13817035823534125862	4744	4915	1
modules/zipcart/po/GNUmakefile	13817035824619212990	13817035825560549809	98	103	0
modules/zipcart/po/de_DE.po	13817035825487149137	13817035825422841951	2259	2332	0
modules/zipcart/po/fr_FR.po	13817035826538508952	13817035826804476159	2281	2353	0
modules/zipcart/po/nl_NL.po	13817035825046816323	13817035826447233306	2271	2345	0
modules/zipcart/po/no_NO.po	13817035826965014919	13817035822926673292	2210	2283	0
modules/zipcart/po/strings.raw	13817035825297173447	13817035823448645654	463	477	0
modules/zipcart/templates/Admin.tpl	13817035826373871586	13817035827010739934	1980	2048	0
modules/zipcart/test/phpunit/ZipCartAdminControllerTest.class	13817035826138542053	13817035822824073986	6024	6222	1
modules/zipcart/test/phpunit/ZipCartPluginTest.class	13817035823221044193	13817035823324218285	11622	11978	1
