# File crc32 crc32(crlf) size size(crlf)  or  R File
modules/comment/AddComment.inc	13817035207331204620	13817035206199683707	5485	5682
modules/comment/Callbacks.inc	13817035204777017547	13817035206058429133	3589	3706
modules/comment/CommentChangeConfirmation.inc	13817035204371890202	13817035205579502679	1923	1987
modules/comment/DeleteComment.inc	13817035206881534815	13817035206771606039	4702	4856
modules/comment/EditComment.inc	13817035206439847273	13817035204727888807	7888	8152
modules/comment/ShowComments.inc	13817035208220870023	13817035205510129132	3500	3617
modules/comment/classes/GNUmakefile	13817035204481009924	13817035205978033536	230	238
modules/comment/classes/GalleryComment.class	13817035205297168077	13817035205678090665	3486	3624
modules/comment/classes/GalleryCommentHelper.class	13817035205890096016	13817035204737270683	4092	4241
modules/comment/classes/GalleryCommentSearch.class	13817035204666879564	13817035207057157642	5907	6088
modules/comment/classes/GalleryStorage/DatabaseStorage/schema/GNUmakefile	13817035208290471585	13817035204400182457	173	180
modules/comment/classes/GalleryStorage/DatabaseStorage/schema/platform/GNUmakefile	13817035208486345324	13817035205962229715	128	135
modules/comment/classes/GalleryStorage/DatabaseStorage/schema/platform/mysql/GNUmakefile	13817035204300418391	13817035206784451905	200	204
modules/comment/classes/GalleryStorage/DatabaseStorage/schema/platform/mysql/GalleryComment.sql	13817035206767751194	13817035205460648710	967	1033
modules/comment/classes/GalleryStorage/DatabaseStorage/schema/platform/oracle/GNUmakefile	13817035208164854015	13817035207841398589	202	206
modules/comment/classes/GalleryStorage/DatabaseStorage/schema/platform/oracle/GalleryComment.sql	13817035205508704864	13817035206567960876	1021	1084
modules/comment/classes/GalleryStorage/DatabaseStorage/schema/platform/postgres/GNUmakefile	13817035206673432162	13817035205180002929	208	212
modules/comment/classes/GalleryStorage/DatabaseStorage/schema/platform/postgres/GalleryComment.sql	13817035208255065604	13817035207486616209	1044	1111
modules/comment/classes/GalleryStorage/DatabaseStorage/schema/xml-src/GNUmakefile	13817035204281099979	13817035205008031754	136	138
modules/comment/classes/interfaces/GNUmakefile	13817035207197377699	13817035205899613424	174	179
modules/comment/classes/interfaces/GalleryComment.inc	13817035208420134665	13817035206039932780	7248	7510
modules/comment/locale/ar_SA/LC_MESSAGES/modules_comment.mo	13817035206976005955	13817035206976005955	4447	4447
modules/comment/locale/bg_BG/LC_MESSAGES/modules_comment.mo	13817035206289684071	13817035206289684071	4281	4281
modules/comment/locale/cs_CZ/LC_MESSAGES/modules_comment.mo	13817035204660224903	13817035204660224903	4247	4247
modules/comment/locale/da_DK/LC_MESSAGES/modules_comment.mo	13817035205297632678	13817035205297632678	4067	4067
modules/comment/locale/de_DE/LC_MESSAGES/modules_comment.mo	13817035207753343640	13817035207753343640	4254	4254
modules/comment/locale/el_GR/LC_MESSAGES/modules_comment.mo	13817035207467218218	13817035207467218218	1927	1927
modules/comment/locale/en_GB/LC_MESSAGES/modules_comment.mo	13817035204367481830	13817035204367481830	1672	1672
modules/comment/locale/es_AR/LC_MESSAGES/modules_comment.mo	13817035206202943964	13817035206202943964	1719	1719
modules/comment/locale/es_MX/LC_MESSAGES/modules_comment.mo	13817035205981601992	13817035205981601992	2493	2493
modules/comment/locale/fi_FI/LC_MESSAGES/modules_comment.mo	13817035206962318786	13817035206962318786	2938	2938
modules/comment/locale/fr_FR/LC_MESSAGES/modules_comment.mo	13817035205064050501	13817035205064050501	4399	4399
modules/comment/locale/ga_IE/LC_MESSAGES/modules_comment.mo	13817035208406680982	13817035208406680982	4028	4028
modules/comment/locale/he_IL/LC_MESSAGES/modules_comment.mo	13817035207477227278	13817035207477227278	3672	3672
modules/comment/locale/hu_HU/LC_MESSAGES/modules_comment.mo	13817035206176319508	13817035206176319508	3570	3570
modules/comment/locale/is_IS/LC_MESSAGES/modules_comment.mo	13817035206441651659	13817035206441651659	416	416
modules/comment/locale/it_IT/LC_MESSAGES/modules_comment.mo	13817035207851213481	13817035207851213481	4179	4179
modules/comment/locale/ja_JP/LC_MESSAGES/modules_comment.mo	13817035204408879295	13817035204408879295	4340	4340
modules/comment/locale/nl_NL/LC_MESSAGES/modules_comment.mo	13817035204854028131	13817035204854028131	4134	4134
modules/comment/locale/no_NO/LC_MESSAGES/modules_comment.mo	13817035206688148710	13817035206688148710	3557	3557
modules/comment/locale/pl_PL/LC_MESSAGES/modules_comment.mo	13817035206725138944	13817035206725138944	4112	4112
modules/comment/locale/pt_BR/LC_MESSAGES/modules_comment.mo	13817035208428262044	13817035208428262044	3361	3361
modules/comment/locale/pt_PT/LC_MESSAGES/modules_comment.mo	13817035205567262186	13817035205567262186	3048	3048
modules/comment/locale/ru_RU/LC_MESSAGES/modules_comment.mo	13817035208166089618	13817035208166089618	4644	4644
modules/comment/locale/sv_SE/LC_MESSAGES/modules_comment.mo	13817035207635597557	13817035207635597557	3907	3907
modules/comment/locale/tr_TR/LC_MESSAGES/modules_comment.mo	13817035204760015683	13817035204760015683	3970	3970
modules/comment/locale/vi_VN/LC_MESSAGES/modules_comment.mo	13817035204573694014	13817035204573694014	4393	4393
modules/comment/locale/zh_CN/LC_MESSAGES/modules_comment.mo	13817035207006803833	13817035207006803833	3387	3387
modules/comment/locale/zh_TW/LC_MESSAGES/modules_comment.mo	13817035204356636212	13817035204356636212	3885	3885
modules/comment/module.inc	13817035207963768612	13817035204797180550	6875	7096
modules/comment/po/GNUmakefile	13817035206143922366	13817035207085259185	98	103
modules/comment/po/ar_SA.po	13817035204524420741	13817035206961504684	5260	5497
modules/comment/po/bg_BG.po	13817035207170221795	13817035208189509817	5189	5435
modules/comment/po/cs_CZ.po	13817035205246528274	13817035204830604271	5031	5271
modules/comment/po/da_DK.po	13817035205451110060	13817035206820784446	4840	5080
modules/comment/po/de_DE.po	13817035206960714908	13817035205365399397	5174	5418
modules/comment/po/el_GR.po	13817035208006473367	13817035207455942954	5262	5522
modules/comment/po/en_GB.po	13817035208429657841	13817035207530143924	4598	4856
modules/comment/po/es_AR.po	13817035205100469168	13817035204365049788	4810	5071
modules/comment/po/es_MX.po	13817035205607219694	13817035204654818252	5302	5567
modules/comment/po/fi_FI.po	13817035208285956746	13817035204851625751	5015	5272
modules/comment/po/fr_FR.po	13817035204770875637	13817035205475168963	5087	5324
modules/comment/po/ga_IE.po	13817035207754224951	13817035207053670811	5967	6230
modules/comment/po/he_IL.po	13817035206653118785	13817035207289002003	5098	5343
modules/comment/po/hu_HU.po	13817035204580624216	13817035205093903600	5041	5285
modules/comment/po/is_IS.po	13817035207384555533	13817035204294119796	3652	3888
modules/comment/po/it_IT.po	13817035207200072456	13817035207194039949	5004	5244
modules/comment/po/ja_JP.po	13817035205315709205	13817035208395623425	6750	7054
modules/comment/po/nl_NL.po	13817035207367062597	13817035207609881483	4898	5137
modules/comment/po/no_NO.po	13817035206914177204	13817035206712426848	4991	5237
modules/comment/po/pl_PL.po	13817035206175517928	13817035206104521887	4940	5180
modules/comment/po/pt_BR.po	13817035207176330702	13817035204826822478	4910	5156
modules/comment/po/pt_PT.po	13817035206946107873	13817035207247713818	5006	5256
modules/comment/po/ru_RU.po	13817035205427309448	13817035207875943400	6186	6432
modules/comment/po/strings.raw	13817035208252829692	13817035207396006422	1832	1901
modules/comment/po/sv_SE.po	13817035208077865097	13817035206703305848	5492	5744
modules/comment/po/tr_TR.po	13817035208229259588	13817035206004161854	4664	4902
modules/comment/po/vi_VN.po	13817035204864444241	13817035206400210557	5162	5400
modules/comment/po/zh_CN.po	13817035204863112158	13817035204343529715	4649	4891
modules/comment/po/zh_TW.po	13817035206716955707	13817035207411763429	4569	4805
modules/comment/templates/AddComment.tpl	13817035204494412055	13817035206493041697	2919	3001
modules/comment/templates/Comment.tpl	13817035205356128261	13817035207041035644	2660	2733
modules/comment/templates/CommentChangeConfirmation.tpl	13817035206279203216	13817035206894673102	722	745
modules/comment/templates/DeleteComment.tpl	13817035206731407255	13817035207092853373	1672	1710
modules/comment/templates/EditComment.tpl	13817035208014351094	13817035204977846493	4041	4162
modules/comment/templates/ShowComments.tpl	13817035204515771090	13817035208336760188	955	986
modules/comment/templates/blocks/ViewComments.tpl	13817035207652821193	13817035204688936178	1330	1363
modules/comment/templates/blocks/blocks.inc	13817035206626575543	13817035205115199992	662	684
modules/comment/test/phpunit/AddCommentControllerTest.class	13817035207804721247	13817035208203177516	8195	8423
modules/comment/test/phpunit/CommentSearchTest.class	13817035205727430064	13817035206492169592	9864	10170
modules/comment/test/phpunit/CommentTest.class	13817035204280652760	13817035207066539156	5384	5553
modules/comment/test/phpunit/DeleteCommentControllerTest.class	13817035206462277165	13817035207156351529	4436	4563
modules/comment/test/phpunit/EditCommentControllerTest.class	13817035204766543770	13817035206157159973	14387	14723
R	modules/comment/templates/CommentItemDetails.tpl
R	modules/comment/test/TestCase/CreateGalleryComment.class
