# File crc32 crc32(crlf) size size(crlf) viewable
layouts/tile/layout.inc	13817035825824011047	13817035826484094523	11339	11684	1
layouts/tile/locale/cs_CZ/LC_MESSAGES/layouts_tile.mo	13817035826316764940	13817035826316764940	1948	1948	0
layouts/tile/locale/de_DE/LC_MESSAGES/layouts_tile.mo	13817035825685778708	13817035825685778708	1179	1179	0
layouts/tile/locale/fr_FR/LC_MESSAGES/layouts_tile.mo	13817035825833309435	13817035825833309435	2100	2100	0
layouts/tile/locale/no_NO/LC_MESSAGES/layouts_tile.mo	13817035826508987188	13817035826508987188	1889	1889	0
layouts/tile/po/GNUmakefile	13817035824619212990	13817035825560549809	98	103	0
layouts/tile/po/cs_CZ.po	13817035823155118027	13817035825214775193	2774	2861	0
layouts/tile/po/de_DE.po	13817035824336128784	13817035823087704927	2399	2477	0
layouts/tile/po/fr_FR.po	13817035823423718074	13817035824956021161	2925	3014	0
layouts/tile/po/no_NO.po	13817035823690914229	13817035824281694288	2671	2747	0
layouts/tile/po/strings.raw	13817035823006869735	13817035826377254513	733	748	0
layouts/tile/templates/edit.tpl	13817035824803567785	13817035825339204794	2349	2399	0
layouts/tile/templates/header.tpl	13817035825003651809	13817035826141024980	1168	1195	0
layouts/tile/templates/render.tpl	13817035823559949561	13817035823126186992	636	651	0
layouts/tile/templates/tile.css	13817035825885213577	13817035827002133148	747	783	0
layouts/tile/templates/tile.js	13817035823773638673	13817035825804500225	1624	1668	0
layouts/tile/templates/tile.tpl	13817035822936993252	13817035823715991248	2304	2371	0
