# File crc32 crc32(crlf) size size(crlf) viewable
modules/ffmpeg/AdminFfmpeg.inc	13817035824903748584	13817035825208561972	5511	5705	1
modules/ffmpeg/classes/FfmpegToolkit.class	13817035826607845055	13817035823644383626	6702	6913	1
modules/ffmpeg/classes/FfmpegToolkitHelper.class	13817035823576994519	13817035826439107036	7551	7786	1
modules/ffmpeg/locale/da_DK/LC_MESSAGES/modules_ffmpeg.mo	13817035825599426084	13817035825599426084	3331	3331	0
modules/ffmpeg/locale/de_DE/LC_MESSAGES/modules_ffmpeg.mo	13817035825507607469	13817035825507607469	3277	3277	0
modules/ffmpeg/locale/fr_FR/LC_MESSAGES/modules_ffmpeg.mo	13817035822817165784	13817035822817165784	2789	2789	0
modules/ffmpeg/locale/ga_IE/LC_MESSAGES/modules_ffmpeg.mo	13817035825529893626	13817035825529893626	3273	3273	0
modules/ffmpeg/locale/ja_JP/LC_MESSAGES/modules_ffmpeg.mo	13817035825100122095	13817035825100122095	2106	2106	0
modules/ffmpeg/locale/nl_NL/LC_MESSAGES/modules_ffmpeg.mo	13817035826272050964	13817035826272050964	3409	3409	0
modules/ffmpeg/locale/no_NO/LC_MESSAGES/modules_ffmpeg.mo	13817035824066802996	13817035824066802996	3448	3448	0
modules/ffmpeg/locale/pt_PT/LC_MESSAGES/modules_ffmpeg.mo	13817035823650965180	13817035823650965180	2976	2976	0
modules/ffmpeg/locale/sv_SE/LC_MESSAGES/modules_ffmpeg.mo	13817035824784264634	13817035824784264634	3442	3442	0
modules/ffmpeg/module.inc	13817035826009023012	13817035825053335317	7837	8122	1
modules/ffmpeg/po/GNUmakefile	13817035824619212990	13817035825560549809	98	103	0
modules/ffmpeg/po/da_DK.po	13817035825045199884	13817035826290202529	4153	4285	0
modules/ffmpeg/po/de_DE.po	13817035824986023487	13817035824633073577	4114	4244	0
modules/ffmpeg/po/fr_FR.po	13817035825228590452	13817035823425998653	3933	4056	0
modules/ffmpeg/po/ga_IE.po	13817035823204855617	13817035825029836841	4897	5047	0
modules/ffmpeg/po/ja_JP.po	13817035826624277606	13817035826042527055	3773	3900	0
modules/ffmpeg/po/nl_NL.po	13817035825065096631	13817035824274575303	4319	4452	0
modules/ffmpeg/po/no_NO.po	13817035825638971373	13817035823952700352	4210	4323	0
modules/ffmpeg/po/pt_PT.po	13817035825873929819	13817035826831303697	4081	4213	0
modules/ffmpeg/po/strings.raw	13817035825344607962	13817035824959895589	1417	1444	0
modules/ffmpeg/po/sv_SE.po	13817035823953517757	13817035822768069591	4630	4768	0
modules/ffmpeg/templates/AdminFfmpeg.tpl	13817035825352771626	13817035825698485076	3702	3837	0
modules/ffmpeg/test/data/Sample.mov	13817035823022984620	13817035823022984620	72490	72490	0
modules/ffmpeg/test/data/jai.avi	13817035823633377174	13817035823633377174	164758	164758	0
modules/ffmpeg/test/phpunit/AdminFfmpegControllerTest.class	13817035825791906604	13817035823175427032	7640	7911	1
modules/ffmpeg/test/phpunit/FfmpegToolkitTest.class	13817035825915303498	13817035824908999003	30514	31288	1
