# File crc32 crc32(crlf) size size(crlf) viewable
themes/veloria/images/banner.gif	13817035826047123611	13817035826047123611	3440	3440	0
themes/veloria/images/pixel.gif	13817035826489958344	13817035826489958344	43	43	0
themes/veloria/images/tab-left-act.gif	13817035826023137355	13817035826023137355	298	298	0
themes/veloria/images/tab-left-inact.gif	13817035822981012784	13817035822981012784	108	108	0
themes/veloria/images/tab-mid-act.gif	13817035822912165010	13817035822912165010	68	68	0
themes/veloria/images/tab-mid-inact.gif	13817035823769559903	13817035823769559903	70	70	0
themes/veloria/images/tab-no-tab.gif	13817035825937392697	13817035825937392697	57	57	0
themes/veloria/images/tab-right-act.gif	13817035823840956254	13817035823840956254	106	106	0
themes/veloria/images/tab-right-inact.gif	13817035825328872105	13817035825328872105	106	106	0
themes/veloria/images/tab-tween-act-inact.gif	13817035824176857308	13817035824176857308	165	165	0
themes/veloria/images/tab-tween-inact-act.gif	13817035826169562017	13817035826169562017	112	112	0
themes/veloria/images/tab-tween-inact-inact.gif	13817035823578614576	13817035823578614576	101	101	0
themes/veloria/styles/theme.css	13817035825404348376	13817035823571534845	11912	12588	0
themes/veloria/theme.inc	13817035824538201241	13817035826574887303	1429	1477	1
