# File crc32 crc32(crlf) size size(crlf) viewable
modules/members/AdminMembers.inc	13817035823456902317	13817035825261078636	4611	4740	1
modules/members/MembersItems.inc	13817035826611789601	13817035825485449149	4906	5055	1
modules/members/MembersList.inc	13817035825659049371	13817035825528703139	4905	5050	1
modules/members/MembersProfile.inc	13817035823138741798	13817035824328620546	4285	4416	1
modules/members/classes/GalleryMembersHelper.class	13817035826778924681	13817035825427799182	9830	10145	1
modules/members/data/directory.gif	13817035824503298425	13817035824503298425	615	615	0
modules/members/data/file.gif	13817035826639818878	13817035826639818878	563	563	0
modules/members/locale/de_DE/LC_MESSAGES/modules_members.mo	13817035826580550185	13817035826580550185	3008	3008	0
modules/members/locale/fr_FR/LC_MESSAGES/modules_members.mo	13817035824474016233	13817035824474016233	3025	3025	0
modules/members/locale/ga_IE/LC_MESSAGES/modules_members.mo	13817035824506146654	13817035824506146654	1438	1438	0
modules/members/locale/nl_NL/LC_MESSAGES/modules_members.mo	13817035825102854324	13817035825102854324	2988	2988	0
modules/members/locale/no_NO/LC_MESSAGES/modules_members.mo	13817035824307085935	13817035824307085935	2867	2867	0
modules/members/locale/pt_BR/LC_MESSAGES/modules_members.mo	13817035822940804512	13817035822940804512	1195	1195	0
modules/members/module.inc	13817035825240510511	13817035824333793514	4157	4293	1
modules/members/po/GNUmakefile	13817035824619212990	13817035825560549809	98	103	0
modules/members/po/de_DE.po	13817035823420271328	13817035826943570548	3894	4069	0
modules/members/po/fr_FR.po	13817035824967116426	13817035825658058235	3934	4112	0
modules/members/po/ga_IE.po	13817035825229085408	13817035824940404942	4945	5172	0
modules/members/po/nl_NL.po	13817035823752360840	13817035825426427381	3999	4182	0
modules/members/po/no_NO.po	13817035826486909419	13817035826832845922	3775	3953	0
modules/members/po/pt_BR.po	13817035825483116485	13817035825603912169	3772	3970	0
modules/members/po/strings.raw	13817035823355119604	13817035824236732189	1235	1278	0
modules/members/templates/AdminMembers.tpl	13817035826283666795	13817035825850867399	1780	1840	0
modules/members/templates/MembersItems.tpl	13817035823791541945	13817035825011478899	4847	5000	0
modules/members/templates/MembersList.tpl	13817035823679356582	13817035823633306501	3574	3691	0
modules/members/templates/MembersProfile.tpl	13817035826467336231	13817035823144744197	3569	3692	0
modules/members/templates/MembersSystemContent.tpl	13817035824122138131	13817035823749284493	716	746	0
modules/members/test/phpunit/MembersAdminControllerTest.class	13817035825188352571	13817035823537626111	3050	3145	1
modules/members/test/phpunit/MembersTest.class	13817035826727497808	13817035825772845782	11483	11824	1
