# File crc32 crc32(crlf) size size(crlf) viewable
modules/imagemagick/AdminImageMagick.inc	13817035824578229932	13817035823025262211	6503	6724	1
modules/imagemagick/classes/ImageMagickToolkit.class	13817035824103523455	13817035826291384435	19071	19687	1
modules/imagemagick/classes/ImageMagickToolkitHelper.class	13817035823096037815	13817035824871882343	24390	25092	1
modules/imagemagick/locale/da_DK/LC_MESSAGES/modules_imagemagick.mo	13817035823747137108	13817035823747137108	4626	4626	0
modules/imagemagick/locale/de_DE/LC_MESSAGES/modules_imagemagick.mo	13817035825456003453	13817035825456003453	5241	5241	0
modules/imagemagick/locale/el_GR/LC_MESSAGES/modules_imagemagick.mo	13817035823211596345	13817035823211596345	1978	1978	0
modules/imagemagick/locale/en_GB/LC_MESSAGES/modules_imagemagick.mo	13817035824214277647	13817035824214277647	2296	2296	0
modules/imagemagick/locale/es_AR/LC_MESSAGES/modules_imagemagick.mo	13817035824965572130	13817035824965572130	2366	2366	0
modules/imagemagick/locale/fi_FI/LC_MESSAGES/modules_imagemagick.mo	13817035823012628283	13817035823012628283	3070	3070	0
modules/imagemagick/locale/fr_FR/LC_MESSAGES/modules_imagemagick.mo	13817035823379535078	13817035823379535078	4821	4821	0
modules/imagemagick/locale/ga_IE/LC_MESSAGES/modules_imagemagick.mo	13817035823228616534	13817035823228616534	3746	3746	0
modules/imagemagick/locale/ja_JP/LC_MESSAGES/modules_imagemagick.mo	13817035824182406275	13817035824182406275	2980	2980	0
modules/imagemagick/locale/nl_NL/LC_MESSAGES/modules_imagemagick.mo	13817035824595590827	13817035824595590827	5170	5170	0
modules/imagemagick/locale/no_NO/LC_MESSAGES/modules_imagemagick.mo	13817035823844541242	13817035823844541242	5320	5320	0
modules/imagemagick/locale/pl_PL/LC_MESSAGES/modules_imagemagick.mo	13817035825680603626	13817035825680603626	3379	3379	0
modules/imagemagick/locale/pt_BR/LC_MESSAGES/modules_imagemagick.mo	13817035826603474040	13817035826603474040	2534	2534	0
modules/imagemagick/locale/pt_PT/LC_MESSAGES/modules_imagemagick.mo	13817035824091144051	13817035824091144051	3225	3225	0
modules/imagemagick/locale/sv_SE/LC_MESSAGES/modules_imagemagick.mo	13817035824612822394	13817035824612822394	3828	3828	0
modules/imagemagick/locale/zh_TW/LC_MESSAGES/modules_imagemagick.mo	13817035827002586153	13817035827002586153	440	440	0
modules/imagemagick/module.inc	13817035826243498758	13817035825177010748	8694	8999	1
modules/imagemagick/po/GNUmakefile	13817035824619212990	13817035825560549809	98	103	0
modules/imagemagick/po/da_DK.po	13817035826547983738	13817035824905408135	5693	5903	0
modules/imagemagick/po/de_DE.po	13817035824328700805	13817035824874921212	5935	6143	0
modules/imagemagick/po/el_GR.po	13817035823621949044	13817035824042132204	4854	5067	0
modules/imagemagick/po/en_GB.po	13817035825088598493	13817035826343808682	4943	5159	0
modules/imagemagick/po/es_AR.po	13817035826276530140	13817035826056972145	5024	5241	0
modules/imagemagick/po/fi_FI.po	13817035826264234866	13817035823489994068	5458	5686	0
modules/imagemagick/po/fr_FR.po	13817035823417623772	13817035824752248495	5902	6114	0
modules/imagemagick/po/ga_IE.po	13817035825818806629	13817035826369733475	6662	6912	0
modules/imagemagick/po/ja_JP.po	13817035822911598892	13817035826481649839	5465	5688	0
modules/imagemagick/po/nl_NL.po	13817035823614278622	13817035822982676940	5975	6187	0
modules/imagemagick/po/no_NO.po	13817035824301838892	13817035825417300690	5980	6173	0
modules/imagemagick/po/pl_PL.po	13817035825162461536	13817035824054237587	5802	6033	0
modules/imagemagick/po/pt_BR.po	13817035825276891175	13817035822891711950	5184	5404	0
modules/imagemagick/po/pt_PT.po	13817035823365796829	13817035824715234464	5584	5810	0
modules/imagemagick/po/strings.raw	13817035824052102683	13817035823735929261	2270	2324	0
modules/imagemagick/po/sv_SE.po	13817035825616549401	13817035824701630162	6473	6714	0
modules/imagemagick/po/zh_TW.po	13817035824640779107	13817035823060421650	3982	4181	0
modules/imagemagick/templates/AdminImageMagick.tpl	13817035825221558693	13817035826044826963	4248	4402	0
modules/imagemagick/test/data/test-compressed.tif	13817035826423966436	13817035826423966436	8000	8000	0
modules/imagemagick/test/data/test-multiscene.tif	13817035823710261506	13817035823710261506	45814	45814	0
modules/imagemagick/test/data/test.bmp	13817035824127784571	13817035824127784571	504	504	0
modules/imagemagick/test/data/test.eps	13817035825286790565	13817035825286790565	3141	3141	0
modules/imagemagick/test/data/test.gif	13817035824566238931	13817035824566238931	232	232	0
modules/imagemagick/test/data/test.jp2	13817035824861284965	13817035824861284965	1102	1102	0
modules/imagemagick/test/data/test.jpg	13817035826337958274	13817035826337958274	763	763	0
modules/imagemagick/test/data/test.pdf	13817035823174895043	13817035823174895043	30712	30712	0
modules/imagemagick/test/data/test.pjpg	13817035824302298163	13817035824302298163	970	970	0
modules/imagemagick/test/data/test.png	13817035825743339209	13817035825743339209	730	730	0
modules/imagemagick/test/data/test.psd	13817035825069918300	13817035825069918300	65770	65770	0
modules/imagemagick/test/data/test.svg	13817035826333971721	13817035825200392828	8033	8244	0
modules/imagemagick/test/data/test.tif	13817035825427907308	13817035825427907308	2729	2729	0
modules/imagemagick/test/data/testProfile.jpg	13817035826116127424	13817035826116127424	30585	30585	0
modules/imagemagick/test/phpunit/AdminImageMagickControllerTest.class	13817035824336262090	13817035824345565751	8218	8497	1
modules/imagemagick/test/phpunit/ImEnvironments.inc	13817035826311282300	13817035825528645398	19962	20476	1
modules/imagemagick/test/phpunit/ImageMagickToolkitTest.class	13817035823116031232	13817035826366355845	34040	35088	1
