# File crc32 crc32(crlf) size size(crlf) viewable
modules/search/SearchScan.inc	13817035825908639066	13817035825517337207	7882	8143	1
modules/search/SearchShowAll.inc	13817035826088522246	13817035825874061794	6201	6412	1
modules/search/classes/GallerySearchInterface_1_0.class	13817035823021283253	13817035824993999850	3618	3701	1
modules/search/classes/SearchUtilities.class	13817035824511329558	13817035826500782756	1468	1519	1
modules/search/locale/de_DE/LC_MESSAGES/modules_search.mo	13817035825224297011	13817035825224297011	1911	1911	0
modules/search/locale/en_GB/LC_MESSAGES/modules_search.mo	13817035826611731394	13817035826611731394	881	881	0
modules/search/locale/es_AR/LC_MESSAGES/modules_search.mo	13817035824128778042	13817035824128778042	934	934	0
modules/search/locale/fi_FI/LC_MESSAGES/modules_search.mo	13817035825019482099	13817035825019482099	989	989	0
modules/search/locale/fr_FR/LC_MESSAGES/modules_search.mo	13817035823905930163	13817035823905930163	1895	1895	0
modules/search/locale/ga_IE/LC_MESSAGES/modules_search.mo	13817035825482593179	13817035825482593179	1080	1080	0
modules/search/locale/ja_JP/LC_MESSAGES/modules_search.mo	13817035823336642924	13817035823336642924	1004	1004	0
modules/search/locale/nl_NL/LC_MESSAGES/modules_search.mo	13817035825994033318	13817035825994033318	1873	1873	0
modules/search/locale/no_NO/LC_MESSAGES/modules_search.mo	13817035826293964425	13817035826293964425	1916	1916	0
modules/search/locale/pl_PL/LC_MESSAGES/modules_search.mo	13817035826386400362	13817035826386400362	1157	1157	0
modules/search/locale/pt_BR/LC_MESSAGES/modules_search.mo	13817035824112239544	13817035824112239544	1954	1954	0
modules/search/locale/pt_PT/LC_MESSAGES/modules_search.mo	13817035823312939954	13817035823312939954	967	967	0
modules/search/locale/sv_SE/LC_MESSAGES/modules_search.mo	13817035826568965484	13817035826568965484	1304	1304	0
modules/search/module.inc	13817035825893119436	13817035827045670891	2436	2519	1
modules/search/po/GNUmakefile	13817035824619212990	13817035825560549809	98	103	0
modules/search/po/de_DE.po	13817035823589341115	13817035825669873909	2691	2798	0
modules/search/po/en_GB.po	13817035824914209395	13817035823112060132	3041	3179	0
modules/search/po/es_AR.po	13817035826637234173	13817035823910211428	3278	3424	0
modules/search/po/fi_FI.po	13817035825232724984	13817035823521974263	3125	3269	0
modules/search/po/fr_FR.po	13817035823362510405	13817035824513988019	2669	2774	0
modules/search/po/ga_IE.po	13817035825833175076	13817035826721073259	3589	3730	0
modules/search/po/ja_JP.po	13817035825989335048	13817035825560966504	3213	3356	0
modules/search/po/nl_NL.po	13817035825903752850	13817035823373381498	2756	2864	0
modules/search/po/no_NO.po	13817035825382870075	13817035824351588277	2714	2821	0
modules/search/po/pl_PL.po	13817035825870773938	13817035826544951090	3298	3441	0
modules/search/po/pt_BR.po	13817035826762275222	13817035822788667127	2734	2841	0
modules/search/po/pt_PT.po	13817035826274622052	13817035822992680541	2976	3104	0
modules/search/po/strings.raw	13817035826113287055	13817035823983979711	693	717	0
modules/search/po/sv_SE.po	13817035824192885053	13817035826043460759	3079	3201	0
modules/search/templates/SearchScan.tpl	13817035826754111093	13817035824940497879	5958	6120	0
modules/search/templates/SearchShowAll.tpl	13817035824361172349	13817035826675837866	6430	6594	0
modules/search/templates/SearchSystemContent.tpl	13817035826193440845	13817035825751262106	1960	2004	0
modules/search/test/phpunit/SearchUtilitiesTest.class	13817035823352792607	13817035826332773821	1671	1737	1
