# File crc32 crc32(crlf) size size(crlf) viewable
modules/migrate/ChooseObjects.inc	13817035824808631615	13817035825947932897	10963	11267	1
modules/migrate/ConfirmImport.inc	13817035825551370215	13817035826963861448	48753	50132	1
modules/migrate/ImportResults.inc	13817035825873375368	13817035823476328789	2162	2232	1
modules/migrate/Redirect.inc	13817035822761123973	13817035823313679346	4554	4705	1
modules/migrate/SelectGallery.inc	13817035826608216460	13817035825781275867	5247	5420	1
modules/migrate/classes/G1MigrateHelper.class	13817035824376017722	13817035823186757882	2622	2717	1
modules/migrate/classes/G1MigrateMap.class	13817035826725342874	13817035823005453886	1994	2060	1
modules/migrate/classes/GNUmakefile	13817035822956300548	13817035824453324160	230	238	0
modules/migrate/classes/Gallery1DataParser.class	13817035822919799986	13817035824228588271	14927	15429	1
modules/migrate/classes/GalleryStorage/DatabaseStorage/schema/GNUmakefile	13817035826765762209	13817035822875473081	173	180	0
modules/migrate/classes/GalleryStorage/DatabaseStorage/schema/platform/GNUmakefile	13817035826961635948	13817035824437520339	128	135	0
modules/migrate/classes/GalleryStorage/DatabaseStorage/schema/platform/mysql/G1MigrateMap.sql	13817035823066117676	13817035824959770324	744	790	0
modules/migrate/classes/GalleryStorage/DatabaseStorage/schema/platform/mysql/GNUmakefile	13817035822775709015	13817035825259742529	200	204	0
modules/migrate/classes/GalleryStorage/DatabaseStorage/schema/platform/oracle/G1MigrateMap.sql	13817035823201869701	13817035824626285650	734	777	0
modules/migrate/classes/GalleryStorage/DatabaseStorage/schema/platform/oracle/GNUmakefile	13817035826640144639	13817035826316689213	202	206	0
modules/migrate/classes/GalleryStorage/DatabaseStorage/schema/platform/postgres/G1MigrateMap.sql	13817035826632738566	13817035825651393513	765	811	0
modules/migrate/classes/GalleryStorage/DatabaseStorage/schema/platform/postgres/GNUmakefile	13817035825148722786	13817035823655293553	208	212	0
modules/migrate/classes/GalleryStorage/DatabaseStorage/schema/xml-src/GNUmakefile	13817035822756390603	13817035823483322378	136	138	0
modules/migrate/classes/charsets.php	13817035824423212669	13817035823873553841	55847	58387	1
modules/migrate/classes/interfaces/G1MigrateMap.inc	13817035826414761467	13817035826129530761	4828	4993	1
modules/migrate/classes/interfaces/GNUmakefile	13817035823904229659	13817035823483638084	174	179	0
modules/migrate/locale/de_DE/LC_MESSAGES/modules_migrate.mo	13817035826356775169	13817035826356775169	6718	6718	0
modules/migrate/locale/fi_FI/LC_MESSAGES/modules_migrate.mo	13817035825988916075	13817035825988916075	2377	2377	0
modules/migrate/locale/fr_FR/LC_MESSAGES/modules_migrate.mo	13817035824663011931	13817035824663011931	7649	7649	0
modules/migrate/locale/ga_IE/LC_MESSAGES/modules_migrate.mo	13817035824424050014	13817035824424050014	2947	2947	0
modules/migrate/locale/ja_JP/LC_MESSAGES/modules_migrate.mo	13817035825597339571	13817035825597339571	2562	2562	0
modules/migrate/locale/nl_NL/LC_MESSAGES/modules_migrate.mo	13817035826146028064	13817035826146028064	9323	9323	0
modules/migrate/locale/no_NO/LC_MESSAGES/modules_migrate.mo	13817035822917331725	13817035822917331725	9164	9164	0
modules/migrate/locale/pt_PT/LC_MESSAGES/modules_migrate.mo	13817035826470811581	13817035826470811581	2407	2407	0
modules/migrate/locale/sv_SE/LC_MESSAGES/modules_migrate.mo	13817035823094289561	13817035823094289561	5141	5141	0
modules/migrate/module.inc	13817035826466496643	13817035825146448230	2902	2998	1
modules/migrate/po/GNUmakefile	13817035824619212990	13817035825560549809	98	103	0
modules/migrate/po/de_DE.po	13817035823952165902	13817035825744964049	10439	10837	0
modules/migrate/po/fi_FI.po	13817035826066136433	13817035825108620176	9092	9490	0
modules/migrate/po/fr_FR.po	13817035823453639284	13817035823914991390	11110	11515	0
modules/migrate/po/ga_IE.po	13817035823395713864	13817035824452796882	10906	11338	0
modules/migrate/po/ja_JP.po	13817035826181473394	13817035824306586322	9477	9877	0
modules/migrate/po/nl_NL.po	13817035822935245251	13817035826753731483	12458	12898	0
modules/migrate/po/no_NO.po	13817035826376055445	13817035824433675993	11717	12135	0
modules/migrate/po/pt_PT.po	13817035824808056189	13817035823580148313	9177	9575	0
modules/migrate/po/strings.raw	13817035823103551590	13817035825584143798	5231	5327	0
modules/migrate/po/sv_SE.po	13817035823518266420	13817035825442028473	11283	11721	0
modules/migrate/templates/ChooseObjects.tpl	13817035824556526142	13817035826968665390	12344	12672	0
modules/migrate/templates/ConfirmImport.tpl	13817035823388855492	13817035825664967625	6556	6746	0
modules/migrate/templates/Htaccess.tpl	13817035824212037645	13817035823875370980	612	625	0
modules/migrate/templates/ImportResults.tpl	13817035823547282652	13817035825287838889	3560	3685	0
modules/migrate/templates/Redirect.tpl	13817035825757295958	13817035825201076155	1769	1809	0
modules/migrate/templates/SelectGallery.tpl	13817035826737117626	13817035825176543264	4283	4397	0
modules/migrate/test/data/albums/.users/1054014347_1233740678	13817035823741572490	13817035823741572490	397	397	0
modules/migrate/test/data/albums/.users/1057837115_2072132305	13817035824740634182	13817035824740634182	442	442	0
modules/migrate/test/data/albums/.users/1057837154_228147420	13817035823481070345	13817035823481070345	409	409	0
modules/migrate/test/data/albums/.users/1082614545_1013204231	13817035826691112627	13817035826691112627	436	436	0
modules/migrate/test/data/albums/.users/userdb.dat	13817035825949833436	13817035825949833436	1215	1215	0
modules/migrate/test/data/albums/KOI-8/album.dat	13817035825414840023	13817035825414840023	2462	2462	0
modules/migrate/test/data/albums/KOI-8/head_left.gif	13817035824197650590	13817035824197650590	10001	10001	0
modules/migrate/test/data/albums/KOI-8/head_left.highlight.gif	13817035824083272013	13817035824083272013	6019	6019	0
modules/migrate/test/data/albums/KOI-8/head_left.thumb.gif	13817035823148732913	13817035823148732913	4155	4155	0
modules/migrate/test/data/albums/KOI-8/photos.dat	13817035826151149208	13817035826151149208	1511	1511	0
modules/migrate/test/data/albums/album01/1976_ae1.jpg	13817035824157567625	13817035824157567625	24481	24481	0
modules/migrate/test/data/albums/album01/1976_ae1.thumb.jpg	13817035823658002426	13817035823658002426	9654	9654	0
modules/migrate/test/data/albums/album01/album.dat	13817035826823703917	13817035826823703917	2735	2735	0
modules/migrate/test/data/albums/album01/canon_ae_1.highlight.jpg	13817035826324901746	13817035826324901746	8882	8882	0
modules/migrate/test/data/albums/album01/canon_ae_1.jpg	13817035823647716699	13817035823647716699	8070	8070	0
modules/migrate/test/data/albums/album01/canon_ae_1.thumb.jpg	13817035825858143142	13817035825858143142	7336	7336	0
modules/migrate/test/data/albums/album01/photos.dat	13817035825993893542	13817035825993893542	2616	2616	0
modules/migrate/test/data/albums/album01/serial.8.dat	13817035824520013984	13817035824520013984	5	5	0
modules/migrate/test/data/albums/album02/ajipankachile5.highlight.jpeg	13817035825177130135	13817035825177130135	2422	2422	0
modules/migrate/test/data/albums/album02/ajipankachile5.jpeg	13817035826311183742	13817035826311183742	6565	6565	0
modules/migrate/test/data/albums/album02/ajipankachile5.sized.jpeg	13817035826173627994	13817035826173627994	16086	16086	0
modules/migrate/test/data/albums/album02/ajipankachile5.thumb.jpeg	13817035824894397115	13817035824894397115	3131	3131	0
modules/migrate/test/data/albums/album02/album.dat	13817035824013005119	13817035824013005119	2510	2510	0
modules/migrate/test/data/albums/album02/californiadriedchile5.jpeg	13817035823509282449	13817035823509282449	6852	6852	0
modules/migrate/test/data/albums/album02/californiadriedchile5.sized.jpeg	13817035823293750823	13817035823293750823	13501	13501	0
modules/migrate/test/data/albums/album02/californiadriedchile5.thumb.jpeg	13817035824854725610	13817035824854725610	3390	3390	0
modules/migrate/test/data/albums/album02/cascabelchiles5.jpeg	13817035825347452323	13817035825347452323	7057	7057	0
modules/migrate/test/data/albums/album02/cascabelchiles5.thumb.jpeg	13817035823223080834	13817035823223080834	5269	5269	0
modules/migrate/test/data/albums/album02/chilenegro.jpeg	13817035826349544679	13817035826349544679	3748	3748	0
modules/migrate/test/data/albums/album02/chilenegro.sized.jpeg	13817035826292331556	13817035826292331556	9578	9578	0
modules/migrate/test/data/albums/album02/chilenegro.thumb.jpeg	13817035826217710679	13817035826217710679	2357	2357	0
modules/migrate/test/data/albums/album02/chipotlechile.jpeg	13817035826187446202	13817035826187446202	4079	4079	0
modules/migrate/test/data/albums/album02/chipotlechile.thumb.jpeg	13817035825756266091	13817035825756266091	4011	4011	0
modules/migrate/test/data/albums/album02/photos.dat	13817035826017127821	13817035826017127821	6159	6159	0
modules/migrate/test/data/albums/album02/serial.3.dat	13817035824520013984	13817035824520013984	5	5	0
modules/migrate/test/data/albums/album03/I_Love_It_Victoria_Is_the_Only_One_Ready_for_the_Shot_this_time.jpg	13817035823647716699	13817035823647716699	8070	8070	0
modules/migrate/test/data/albums/album03/I_Love_It_Victoria_Is_the_Only_One_Ready_for_the_Shot_this_time.thumb.jpg	13817035826896044676	13817035826896044676	5725	5725	0
modules/migrate/test/data/albums/album03/album.dat	13817035824626508728	13817035824626508728	2495	2495	0
modules/migrate/test/data/albums/album03/chipper.highlight.jpg	13817035825058353176	13817035825058353176	15787	15787	0
modules/migrate/test/data/albums/album03/chipper.jpg	13817035824669455010	13817035824669455010	26958	26958	0
modules/migrate/test/data/albums/album03/chipper.thumb.jpg	13817035826610282859	13817035826610282859	9700	9700	0
modules/migrate/test/data/albums/album03/head_left.jpg	13817035823822927257	13817035823822927257	5347	5347	0
modules/migrate/test/data/albums/album03/head_left.thumb.jpg	13817035822924647707	13817035822924647707	6435	6435	0
modules/migrate/test/data/albums/album03/photos.dat	13817035825293232748	13817035825293232748	5108	5108	0
modules/migrate/test/data/albums/album03/serial.2.dat	13817035824520013984	13817035824520013984	5	5	0
modules/migrate/test/data/albums/album04/album.dat	13817035825910765503	13817035825910765503	2472	2472	0
modules/migrate/test/data/albums/album04/head_left.highlight.jpg	13817035823347135707	13817035823347135707	4757	4757	0
modules/migrate/test/data/albums/album04/head_left.jpg	13817035823822927257	13817035823822927257	5347	5347	0
modules/migrate/test/data/albums/album04/head_left.thumb.jpg	13817035822924647707	13817035822924647707	6435	6435	0
modules/migrate/test/data/albums/album04/photos.dat	13817035823432010240	13817035823432010240	1231	1231	0
modules/migrate/test/data/albums/album05/album.dat	13817035823933092902	13817035823933092902	2848	2848	0
modules/migrate/test/data/albums/album05/head_left.highlight.jpg	13817035823347135707	13817035823347135707	4757	4757	0
modules/migrate/test/data/albums/album05/head_left.jpg	13817035823822927257	13817035823822927257	5347	5347	0
modules/migrate/test/data/albums/album05/head_left.thumb.jpg	13817035822924647707	13817035822924647707	6435	6435	0
modules/migrate/test/data/albums/album05/head_left_001.gif	13817035824197650590	13817035824197650590	10001	10001	0
modules/migrate/test/data/albums/album05/head_left_002.jpg	13817035823822927257	13817035823822927257	5347	5347	0
modules/migrate/test/data/albums/album05/head_left_003.jpg	13817035823822927257	13817035823822927257	5347	5347	0
modules/migrate/test/data/albums/album05/head_left_004.jpg	13817035823822927257	13817035823822927257	5347	5347	0
modules/migrate/test/data/albums/album05/head_left_005.jpg	13817035823822927257	13817035823822927257	5347	5347	0
modules/migrate/test/data/albums/album05/head_left_006.jpg	13817035823822927257	13817035823822927257	5347	5347	0
modules/migrate/test/data/albums/album05/photos.dat	13817035826360502360	13817035826360502360	7010	7010	0
modules/migrate/test/data/albums/album05/serial.1.dat	13817035824520013984	13817035824520013984	5	5	0
modules/migrate/test/data/albums/albumdb.dat	13817035825296467115	13817035825296467115	162	162	0
modules/migrate/test/data/albums/fr_FR/album.dat	13817035825027541979	13817035825027541979	2681	2681	0
modules/migrate/test/data/albums/fr_FR/head_left.gif	13817035824197650590	13817035824197650590	10001	10001	0
modules/migrate/test/data/albums/fr_FR/head_left.highlight.gif	13817035825593651364	13817035825593651364	16457	16457	0
modules/migrate/test/data/albums/fr_FR/head_left.thumb.gif	13817035825593651364	13817035825593651364	16457	16457	0
modules/migrate/test/data/albums/fr_FR/photos.dat	13817035826695605292	13817035826695605292	1430	1430	0
modules/migrate/test/data/albums/monkey!/album.dat	13817035823012511169	13817035823012511169	2657	2657	0
modules/migrate/test/data/albums/monkey!/head_left.highlight.jpg	13817035825478389751	13817035825478389751	7073	7073	0
modules/migrate/test/data/albums/monkey!/head_left.jpg	13817035823822927257	13817035823822927257	5347	5347	0
modules/migrate/test/data/albums/monkey!/head_left.thumb.jpg	13817035822924647707	13817035822924647707	6435	6435	0
modules/migrate/test/data/albums/monkey!/head_left_001.jpg	13817035823822927257	13817035823822927257	5347	5347	0
modules/migrate/test/data/albums/monkey!/head_left_001.thumb.jpg	13817035822924647707	13817035822924647707	6435	6435	0
modules/migrate/test/data/albums/monkey!/head_left_002.jpg	13817035823822927257	13817035823822927257	5347	5347	0
modules/migrate/test/data/albums/monkey!/head_left_002.thumb.jpg	13817035822924647707	13817035822924647707	6435	6435	0
modules/migrate/test/data/albums/monkey!/head_left_003.jpg	13817035823822927257	13817035823822927257	5347	5347	0
modules/migrate/test/data/albums/monkey!/head_left_003.thumb.jpg	13817035822924647707	13817035822924647707	6435	6435	0
modules/migrate/test/data/albums/monkey!/photos.dat	13817035826423669432	13817035826423669432	1432	1432	0
modules/migrate/test/data/albums/no_NO/album.dat	13817035824360562400	13817035824360562400	2684	2684	0
modules/migrate/test/data/albums/no_NO/head_left.gif	13817035824197650590	13817035824197650590	10001	10001	0
modules/migrate/test/data/albums/no_NO/head_left.highlight.gif	13817035826884348429	13817035826884348429	6019	6019	0
modules/migrate/test/data/albums/no_NO/head_left.thumb.gif	13817035826126495177	13817035826126495177	4155	4155	0
modules/migrate/test/data/albums/no_NO/photos.dat	13817035825702459376	13817035825702459376	1396	1396	0
modules/migrate/test/phpunit/ChooseObjectsControllerTest.class	13817035825456648013	13817035826677023604	4465	4571	1
modules/migrate/test/phpunit/ConfirmImportControllerTest.class	13817035827006676879	13817035826109215527	65843	67480	1
modules/migrate/test/phpunit/Gallery1DataParserTest.class	13817035826606024009	13817035823836118308	11391	11733	1
modules/migrate/test/phpunit/MigrateEventHandlerTest.class	13817035823170698853	13817035823005765654	5414	5567	1
modules/migrate/test/phpunit/RedirectControllerTest.class	13817035825440633998	13817035824074846248	6890	7092	1
modules/migrate/test/phpunit/SelectGalleryControllerTest.class	13817035826603010050	13817035824176585262	3369	3470	1
