# File crc32 crc32(crlf) size size(crlf) viewable
modules/albumselect/AlbumSelectSiteAdmin.inc	13817035826726141762	13817035825402429294	2933	3030	1
modules/albumselect/locale/cs_CZ/LC_MESSAGES/modules_albumselect.mo	13817035826190913382	13817035826190913382	2316	2316	0
modules/albumselect/locale/de_DE/LC_MESSAGES/modules_albumselect.mo	13817035823769718077	13817035823769718077	931	931	0
modules/albumselect/locale/nl_NL/LC_MESSAGES/modules_albumselect.mo	13817035826204090097	13817035826204090097	2284	2284	0
modules/albumselect/locale/no_NO/LC_MESSAGES/modules_albumselect.mo	13817035824943182894	13817035824943182894	2320	2320	0
modules/albumselect/module.inc	13817035824356220208	13817035825169701176	4756	4910	1
modules/albumselect/po/GNUmakefile	13817035824619212990	13817035825560549809	98	103	0
modules/albumselect/po/cs_CZ.po	13817035823163402291	13817035823208120048	3162	3245	0
modules/albumselect/po/de_DE.po	13817035824175349251	13817035822890711283	2416	2489	0
modules/albumselect/po/nl_NL.po	13817035826481008061	13817035824337294021	3220	3308	0
modules/albumselect/po/no_NO.po	13817035826600714001	13817035824381127749	3168	3255	0
modules/albumselect/po/strings.raw	13817035823158680872	13817035823100004310	847	860	0
modules/albumselect/templates/AlbumSelect.tpl	13817035822988032348	13817035826532023231	859	876	0
modules/albumselect/templates/AlbumSelectSiteAdmin.tpl	13817035822916349748	13817035823606901793	2613	2690	0
modules/albumselect/test/phpunit/AlbumSelectSiteAdminControllerTest.class	13817035826125742260	13817035826744255148	3215	3312	1
modules/albumselect/test/phpunit/AlbumSelectTest.class	13817035823455864107	13817035823121692685	4242	4373	1
