# File crc32 crc32(crlf) size size(crlf)  or  R File
modules/shutterfly/PrintPhotos.inc	13817035205527775521	13817035206826940145	5164	5325
modules/shutterfly/classes/ShutterflyCartPlugin.class	13817035207178791667	13817035205895995427	2087	2153
modules/shutterfly/locale/cs_CZ/LC_MESSAGES/modules_shutterfly.mo	13817035207081590449	13817035207081590449	865	865
modules/shutterfly/locale/de_DE/LC_MESSAGES/modules_shutterfly.mo	13817035206269676238	13817035206269676238	773	773
modules/shutterfly/locale/fr_FR/LC_MESSAGES/modules_shutterfly.mo	13817035207422518004	13817035207422518004	772	772
modules/shutterfly/locale/is_IS/LC_MESSAGES/modules_shutterfly.mo	13817035205061065617	13817035205061065617	419	419
modules/shutterfly/locale/nl_NL/LC_MESSAGES/modules_shutterfly.mo	13817035204542083160	13817035204542083160	746	746
modules/shutterfly/locale/tr_TR/LC_MESSAGES/modules_shutterfly.mo	13817035204638571507	13817035204638571507	769	769
modules/shutterfly/locale/zh_CN/LC_MESSAGES/modules_shutterfly.mo	13817035205701448450	13817035205701448450	647	647
modules/shutterfly/locale/zh_TW/LC_MESSAGES/modules_shutterfly.mo	13817035204422140132	13817035204422140132	764	764
modules/shutterfly/module.inc	13817035208173517682	13817035207952111305	2941	3041
modules/shutterfly/po/GNUmakefile	13817035206143922366	13817035207085259185	98	103
modules/shutterfly/po/cs_CZ.po	13817035205443137043	13817035207663926364	1723	1772
modules/shutterfly/po/de_DE.po	13817035207825123871	13817035204309340615	1733	1783
modules/shutterfly/po/fr_FR.po	13817035205899046401	13817035204277155005	1623	1669
modules/shutterfly/po/is_IS.po	13817035207096564730	13817035207256025088	1482	1527
modules/shutterfly/po/nl_NL.po	13817035206754137351	13817035205800766247	1688	1736
modules/shutterfly/po/strings.raw	13817035206306360250	13817035205597183814	216	223
modules/shutterfly/po/tr_TR.po	13817035204326600447	13817035204343728447	1624	1672
modules/shutterfly/po/zh_CN.po	13817035205819303719	13817035207215652747	1663	1711
modules/shutterfly/po/zh_TW.po	13817035205204626338	13817035206226344716	1616	1663
modules/shutterfly/templates/PrintPhotos.tpl	13817035207868816619	13817035207706994330	2257	2312
modules/shutterfly/test/phpunit/ShutterflyCartPluginTest.class	13817035205512415855	13817035205725811050	2863	2954
