# File crc32 crc32(crlf) size size(crlf) viewable
modules/netpbm/AdminNetPbm.inc	13817035822961878795	13817035826536292256	7045	7290	1
modules/netpbm/classes/NetPbmToolkit.class	13817035826933384276	13817035826197944954	22015	22781	1
modules/netpbm/classes/NetPbmToolkitHelper.class	13817035823794103097	13817035825699780739	10875	11171	1
modules/netpbm/locale/de_DE/LC_MESSAGES/modules_netpbm.mo	13817035822903125145	13817035822903125145	5813	5813	0
modules/netpbm/locale/el_GR/LC_MESSAGES/modules_netpbm.mo	13817035823779816734	13817035823779816734	383	383	0
modules/netpbm/locale/en_GB/LC_MESSAGES/modules_netpbm.mo	13817035824453331118	13817035824453331118	2271	2271	0
modules/netpbm/locale/es_AR/LC_MESSAGES/modules_netpbm.mo	13817035823437682392	13817035823437682392	1903	1903	0
modules/netpbm/locale/fi_FI/LC_MESSAGES/modules_netpbm.mo	13817035826558296439	13817035826558296439	2885	2885	0
modules/netpbm/locale/fr_FR/LC_MESSAGES/modules_netpbm.mo	13817035826095208620	13817035826095208620	5341	5341	0
modules/netpbm/locale/ga_IE/LC_MESSAGES/modules_netpbm.mo	13817035823501051026	13817035823501051026	3469	3469	0
modules/netpbm/locale/he_IL/LC_MESSAGES/modules_netpbm.mo	13817035824603906181	13817035824603906181	5551	5551	0
modules/netpbm/locale/ja_JP/LC_MESSAGES/modules_netpbm.mo	13817035823559932416	13817035823559932416	2953	2953	0
modules/netpbm/locale/nl_NL/LC_MESSAGES/modules_netpbm.mo	13817035825639170608	13817035825639170608	3326	3326	0
modules/netpbm/locale/no_NO/LC_MESSAGES/modules_netpbm.mo	13817035826113511646	13817035826113511646	5809	5809	0
modules/netpbm/locale/pl_PL/LC_MESSAGES/modules_netpbm.mo	13817035824164684617	13817035824164684617	3437	3437	0
modules/netpbm/locale/pt_BR/LC_MESSAGES/modules_netpbm.mo	13817035823852074900	13817035823852074900	1808	1808	0
modules/netpbm/locale/pt_PT/LC_MESSAGES/modules_netpbm.mo	13817035824610380402	13817035824610380402	3347	3347	0
modules/netpbm/locale/sv_SE/LC_MESSAGES/modules_netpbm.mo	13817035822995301959	13817035822995301959	4991	4991	0
modules/netpbm/locale/zh_TW/LC_MESSAGES/modules_netpbm.mo	13817035826383536599	13817035826383536599	1796	1796	0
modules/netpbm/module.inc	13817035824724402968	13817035826430414601	9933	10288	1
modules/netpbm/po/GNUmakefile	13817035824619212990	13817035825560549809	98	103	0
modules/netpbm/po/de_DE.po	13817035824905858682	13817035825508569002	6555	6769	0
modules/netpbm/po/el_GR.po	13817035822927166407	13817035826376022989	5936	6199	0
modules/netpbm/po/en_GB.po	13817035823167356048	13817035823464349114	5214	5432	0
modules/netpbm/po/es_AR.po	13817035823305042265	13817035823217284605	5098	5315	0
modules/netpbm/po/fi_FI.po	13817035824537046217	13817035824661548868	5895	6129	0
modules/netpbm/po/fr_FR.po	13817035823443067313	13817035826401132757	6468	6683	0
modules/netpbm/po/ga_IE.po	13817035825449717709	13817035826802471283	6686	6934	0
modules/netpbm/po/he_IL.po	13817035823437903890	13817035826931873370	6832	7045	0
modules/netpbm/po/ja_JP.po	13817035825577246416	13817035823680258186	5908	6135	0
modules/netpbm/po/nl_NL.po	13817035823269568325	13817035825399687789	5316	5519	0
modules/netpbm/po/no_NO.po	13817035823381555758	13817035823257495359	6471	6655	0
modules/netpbm/po/pl_PL.po	13817035823855690420	13817035822928180997	6114	6348	0
modules/netpbm/po/pt_BR.po	13817035826205520405	13817035825432089982	5147	5365	0
modules/netpbm/po/pt_PT.po	13817035823162959826	13817035827002185560	5968	6198	0
modules/netpbm/po/strings.raw	13817035824895264141	13817035823451248453	2520	2571	0
modules/netpbm/po/sv_SE.po	13817035823825037615	13817035825259177357	7293	7543	0
modules/netpbm/po/zh_TW.po	13817035823530163813	13817035823945191219	4994	5208	0
modules/netpbm/templates/AdminNetPbm.tpl	13817035825242497745	13817035822999419513	5280	5459	0
modules/netpbm/test/phpunit/AdminNetPbmControllerTest.class	13817035823361690176	13817035827028451206	7510	7757	1
modules/netpbm/test/phpunit/NetPbmToolkitTest.class	13817035827001053273	13817035823842946695	31705	32595	1
